,particle_type,jet mass,jet charge
0,W-/Z,67.675537109375,1.367766406517289
1,W-/Z,30.776386260986328,-1.3674120756723172
2,W-/Z,16.482736587524414,0.18419011690615417
3,W-/Z,47.36365509033203,0.19897107246934398
4,W-/Z,29.054187774658203,1.6773942615941595
5,W-/Z,19.278934478759766,0.7806070555749314
6,W-/Z,26.808277130126953,0.6091001762612258
7,W-/Z,35.429725646972656,0.09579241814631123
8,W-/Z,7.615118026733398,0.11774199752909714
9,W-/Z,11.050680160522461,-0.535890383627196
10,W-/Z,18.887969970703125,-0.8205206940194751
11,W-/Z,44.68181228637695,-2.7813249361983483
12,W-/Z,27.932392120361328,1.0476876908608688
13,W-/Z,18.96666717529297,1.0650303439006463
14,W-/Z,16.91303062438965,-0.7611331403461519
15,W-/Z,30.644954681396484,1.1600826429398723
16,W-/Z,49.296913146972656,1.0669938535449557
17,W-/Z,96.74565124511719,-1.3849033168695466
18,W-/Z,16.57622528076172,0.6859192476161369
19,W-/Z,17.694740295410156,2.070420595883812
20,W-/Z,78.41221618652344,-0.7943801812098552
21,W-/Z,38.618263244628906,-2.281496666631004
22,W-/Z,35.92761993408203,0.1371741755615533
23,W-/Z,28.448169708251953,1.6596152780378455
24,W-/Z,74.71207427978516,-1.5198477497957856
25,W-/Z,19.79575538635254,-1.0332434325716044
26,W-/Z,14.497320175170898,0.6079229165050413
27,W-/Z,48.15398406982422,0.4007604126982166
28,W-/Z,40.328826904296875,-1.4727452906536698
29,W-/Z,15.396872520446777,-1.0507036108859715
30,W-/Z,52.23564147949219,0.9797148099575931
31,W-/Z,31.970754623413086,-1.1537971465593957
32,W-/Z,16.756196975708008,-1.3907419221861423
33,W-/Z,28.123849868774414,-0.7202508225101848
34,W-/Z,18.936246871948242,0.182738132483925
35,W-/Z,19.529415130615234,-1.9689290699941473
36,W-/Z,37.79143142700195,0.06557712338553101
37,W-/Z,22.714162826538086,-0.8452121806058094
38,W-/Z,9.023807525634766,-0.6448744693306327
39,W-/Z,53.736515045166016,0.39689946756744376
40,W-/Z,48.411617279052734,0.09128363435530906
41,W-/Z,46.31050491333008,1.1707668347386433
42,W-/Z,26.481218338012695,-0.13453381748574933
43,W-/Z,30.05132484436035,0.199162073092289
44,W-/Z,25.358057022094727,-1.0954346281388507
45,W-/Z,17.33254051208496,-1.4870267031366877
46,W-/Z,24.750036239624023,-1.6105023749770968
47,W-/Z,64.58451080322266,1.7458935058967975
48,W-/Z,36.15170669555664,2.2959709477380157
49,W-/Z,86.70381164550781,0.9051631099686548
50,W-/Z,102.83737182617188,1.945668846173551
51,W-/Z,24.696741104125977,-0.4728800486849284
52,W-/Z,60.00087356567383,0.25701327280454306
53,W-/Z,14.468050956726074,-1.2894755543226024
54,W-/Z,16.944751739501953,0.7753011691480438
55,W-/Z,45.37236785888672,1.621200323179258
56,W-/Z,19.400592803955078,-2.240065220275961
57,W-/Z,28.737735748291016,0.2729680240315292
58,W-/Z,69.50433349609375,-0.3656840629320947
59,W-/Z,31.485036849975586,0.08078494692924243
60,W-/Z,34.73625564575195,0.6547450196392359
61,W-/Z,24.255285263061523,-0.0937806782812397
62,W-/Z,35.137245178222656,-3.4077807345549624
63,W-/Z,25.650774002075195,0.43755662348622126
64,W-/Z,34.766029357910156,-1.7480559698165588
65,W-/Z,36.18959426879883,0.04701661046445804
66,W-/Z,25.8209171295166,-0.70003782282597
67,W-/Z,30.57827377319336,-0.3209630740214526
68,W-/Z,25.406635284423828,-0.009636726317282185
69,W-/Z,27.96190643310547,-0.09450463638029583
70,W-/Z,22.86825942993164,-0.490448231433953
71,W-/Z,47.23868942260742,1.4777457250127704
72,W-/Z,25.735584259033203,0.22279639560355313
73,W-/Z,34.83781051635742,2.2216187667386924
74,W-/Z,13.132709503173828,-0.13208354135686817
75,W-/Z,22.679000854492188,-0.5564034404211938
76,W-/Z,37.12535858154297,0.41885470286515675
77,W-/Z,26.930540084838867,-0.8610907793116371
78,W-/Z,12.041231155395508,-0.3046501772541067
79,W-/Z,64.27471923828125,1.0817629144147203
80,W-/Z,17.092945098876953,-0.2905453294504181
81,W-/Z,23.49309730529785,-5.583521180258779
82,W-/Z,18.819942474365234,-0.346758946261206
83,W-/Z,43.177703857421875,-0.5135924711376956
84,W-/Z,18.342575073242188,-1.6185688395730595
85,W-/Z,32.002952575683594,-0.08515878405208638
86,W-/Z,34.8286018371582,-1.4887115498828267
87,W-/Z,28.011520385742188,1.2606879509736864
88,W-/Z,14.727675437927246,0.9381543678286228
89,W-/Z,28.84848403930664,-0.18170357241862778
90,W-/Z,27.94547462463379,-3.056820596832372
91,W-/Z,36.37708282470703,-2.399176110201297
92,W-/Z,36.42729568481445,0.8732714590585992
93,W-/Z,15.234058380126953,1.0592636728504896
94,W-/Z,23.392227172851562,-1.3161176423817609
95,W-/Z,21.182804107666016,-2.8331218681488988
96,W-/Z,53.195518493652344,2.44773251398434
97,W-/Z,13.523481369018555,1.6533443550370177
98,W-/Z,19.610567092895508,-1.786582551420115
99,W-/Z,16.1998348236084,-0.07781541116501695
100,W-/Z,32.93863296508789,0.721383284047852
101,W-/Z,50.65760040283203,-2.088775352935386
102,W-/Z,21.80292320251465,-0.9435064809950476
103,W-/Z,34.979393005371094,0.11444180979943952
104,W-/Z,13.40418529510498,-0.39344874424848963
105,W-/Z,30.891305923461914,-0.20555415285036394
106,W-/Z,22.089460372924805,-2.190358852629429
107,W-/Z,22.675045013427734,0.27806768867656645
108,W-/Z,53.68175506591797,1.2739383057956366
109,W-/Z,8.560017585754395,-1.3042963604777045
110,W-/Z,24.25756072998047,0.2221041430449246
111,W-/Z,25.458946228027344,-3.1458413556265623
112,W-/Z,27.025142669677734,-2.484746581860959
113,W-/Z,24.80683708190918,0.13757845438539495
114,W-/Z,18.855024337768555,1.08285800280759
115,W-/Z,69.44547271728516,-1.2362547077078139
116,W-/Z,125.75645446777344,-0.39891502760230846
117,W-/Z,8.616860389709473,-0.21816934898997875
118,W-/Z,22.763561248779297,-0.04778162316744994
119,W-/Z,26.975881576538086,-1.5167388223129445
120,W-/Z,28.5487117767334,-0.12276674282256983
121,W-/Z,12.011775970458984,3.584373758175775
122,W-/Z,13.627596855163574,-0.1270603387149788
123,W-/Z,77.61666107177734,-0.7032877328069717
124,W-/Z,26.914461135864258,-4.156078252482608
125,W-/Z,35.771446228027344,-0.29856010838777414
126,W-/Z,32.54092788696289,-0.4936619548129914
127,W-/Z,23.633129119873047,-1.5616161142200964
128,W-/Z,60.25926971435547,1.827757583225316
129,W-/Z,30.369064331054688,-0.10641307567690172
130,W-/Z,24.01936912536621,-0.057387565392605255
131,W-/Z,18.455244064331055,-0.5638401276464403
132,W-/Z,33.144317626953125,-1.646849719470616
133,W-/Z,9.67086124420166,0.5547905407498166
134,W-/Z,73.06117248535156,0.15762978764228008
135,W-/Z,46.66349411010742,-0.6734803368595383
136,W-/Z,34.41429901123047,0.07080897546222786
137,W-/Z,27.79296875,-0.02372398478349458
138,W-/Z,39.58406066894531,-1.6739702433273205
139,W-/Z,33.323795318603516,-0.7347633744068605
140,W-/Z,23.686119079589844,1.2708199991349063
141,W-/Z,22.8154296875,-2.876278069832243
142,W-/Z,43.55799865722656,-0.1896353277369549
143,W-/Z,13.35134220123291,1.016867203512889
144,W-/Z,12.644170761108398,-0.5535989083815346
145,W-/Z,23.161508560180664,-1.353589717020434
146,W-/Z,37.93889236450195,-0.8614506473548089
147,W-/Z,49.52701187133789,-0.6369992547527115
148,W-/Z,22.6320743560791,1.4922935997225166
149,W-/Z,22.4585018157959,-1.9409759321300917
150,W-/Z,51.645355224609375,-0.8145521619577012
151,W-/Z,59.159671783447266,-1.4293114494094517
152,W-/Z,55.08165740966797,-0.215304259103892
153,W-/Z,43.255680084228516,-0.1198349228385428
154,W-/Z,44.6740608215332,0.6476039582120094
155,W-/Z,30.5040283203125,0.9187081250792334
156,W-/Z,57.62294006347656,0.16372108494244153
157,W-/Z,34.41279220581055,-1.425567258593463
158,W-/Z,17.339111328125,-1.368672005123975
159,W-/Z,49.668556213378906,-0.42529314186273204
160,W-/Z,51.925758361816406,-0.375344433542364
161,W-/Z,22.510784149169922,1.7535131750890298
162,W-/Z,41.70247268676758,-0.45550916519434853
163,W-/Z,12.573012351989746,1.7432562590137115
164,W-/Z,52.64412307739258,-1.8869511662535008
165,W-/Z,29.839155197143555,-1.3694163944091902
166,W-/Z,46.837276458740234,0.22573920436150996
167,W-/Z,87.08267211914062,-0.4933145613441404
168,W-/Z,17.936599731445312,1.2302267347066995
169,W-/Z,34.36026382446289,-2.6086359213982675
170,W-/Z,66.08393859863281,-1.0607638070596634
171,W-/Z,17.183156967163086,0.6356770364257764
172,W-/Z,16.503488540649414,0.5863241887704927
173,W-/Z,13.683023452758789,-1.3209726866063491
174,W-/Z,13.984552383422852,0.45126366030596077
175,W-/Z,41.60401153564453,2.285031276838967
176,W-/Z,55.25128936767578,0.2556432370647978
177,W-/Z,47.78748321533203,0.09632802885794783
178,W-/Z,19.728286743164062,0.9255822551503043
179,W-/Z,24.084930419921875,-0.8724613018181392
180,W-/Z,15.121964454650879,-0.11262069617127174
181,W-/Z,22.71012306213379,2.355556873094989
182,W-/Z,19.186338424682617,-0.12176578758963613
183,W-/Z,22.223228454589844,-0.13011814127468213
184,W-/Z,41.25833511352539,-0.8063557247392883
185,W-/Z,23.358877182006836,-0.027093034183461207
186,W-/Z,22.330228805541992,-1.0078164556909306
187,W-/Z,26.23546600341797,1.1169310490162565
188,W-/Z,10.067904472351074,-0.6155467819149957
189,W-/Z,76.6650619506836,-1.4578048743926362
190,W-/Z,33.47429275512695,-1.8685338849243265
191,W-/Z,27.18053436279297,-0.38901754149432094
192,W-/Z,29.01218605041504,0.46510638337591914
193,W-/Z,50.431427001953125,0.5258470024006077
194,W-/Z,74.09214782714844,0.43012929787355014
195,W-/Z,10.314038276672363,0.2196692495997562
196,W-/Z,17.483003616333008,-1.6315511570360453
197,W-/Z,29.582027435302734,0.5751701011206185
198,W-/Z,39.2730598449707,-2.293731460681152
199,W-/Z,20.26832389831543,-0.019246135142503173
200,W-/Z,20.189186096191406,-0.263713194524385
201,W-/Z,35.245033264160156,-0.7218138137425999
202,W-/Z,15.156901359558105,-1.0894616318434425
203,W-/Z,79.41912841796875,-1.3530127673989463
204,W-/Z,44.24772262573242,0.9869978984275889
205,W-/Z,24.181257247924805,1.332717745376573
206,W-/Z,26.076772689819336,0.34636374579507867
207,W-/Z,17.47633934020996,-0.8080207487545223
208,W-/Z,22.965139389038086,-1.0688374500466775
209,W-/Z,7.670676231384277,-0.19793415231486644
210,W-/Z,34.48638916015625,-1.9188128498318742
211,W-/Z,10.24079704284668,-1.49148429284446
212,W-/Z,25.300386428833008,-1.5343887995421424
213,W-/Z,35.649688720703125,0.22616215462668465
214,W-/Z,15.971856117248535,1.6726995360907613
215,W-/Z,22.72832489013672,1.580400714979878
216,W-/Z,20.727434158325195,0.5445971604223999
217,W-/Z,27.13136100769043,-0.2547666926462477
218,W-/Z,37.448917388916016,1.0001791614469426
219,W-/Z,53.483009338378906,0.8598324530474384
220,W-/Z,20.893747329711914,0.6315394501003485
221,W-/Z,21.95939826965332,-0.44808475796811265
222,W-/Z,23.126567840576172,2.0041844232785557
223,W-/Z,60.7209587097168,-1.019116389625078
224,W-/Z,12.07296085357666,-0.32719774369442234
225,W-/Z,10.46918773651123,1.280782007025632
226,W-/Z,64.25971221923828,-1.8554589524412313
227,W-/Z,28.178129196166992,1.5114982225450069
228,W-/Z,84.17627716064453,-3.285468662982914
229,W-/Z,25.228134155273438,-1.0600237688743017
230,W-/Z,20.958084106445312,0.5172771904358872
231,W-/Z,22.200620651245117,0.871940834074548
232,W-/Z,35.57033920288086,-0.17974382698681624
233,W-/Z,18.62342071533203,-1.3899637242202456
234,W-/Z,30.8345890045166,-0.3556338075063528
235,W-/Z,30.011558532714844,-0.7060306322190747
236,W-/Z,68.97650909423828,-1.6266984767384742
237,W-/Z,6.13962984085083,1.0507427024577232
238,W-/Z,15.861323356628418,1.647843307640974
239,W-/Z,40.76676940917969,-0.10756023290614192
240,W-/Z,28.82839012145996,-1.9372577734532084
241,W-/Z,32.95710754394531,-0.10198574160605844
242,W-/Z,17.507978439331055,0.9488167513503015
243,W-/Z,44.574012756347656,2.125849836619929
244,W-/Z,28.276731491088867,0.020981043128667776
245,W-/Z,17.32600975036621,0.3575551049186223
246,W-/Z,24.664794921875,-0.6047010658196171
247,W-/Z,31.46497917175293,-0.8238133770303241
248,W-/Z,37.926021575927734,-1.0943027513659573
249,W-/Z,20.99198341369629,-0.49432556849405507
250,W-/Z,17.396678924560547,-0.9228500953877887
251,W-/Z,32.317474365234375,-2.271831853934365
252,W-/Z,84.8418960571289,-0.4890313759031932
253,W-/Z,46.887420654296875,-0.3262784003317043
254,W-/Z,25.951953887939453,-0.34057523065570794
255,W-/Z,28.3704833984375,0.16158222144805612
256,W-/Z,9.488761901855469,0.7218674744725866
257,W-/Z,23.791290283203125,-1.7330369851099703
258,W-/Z,33.662757873535156,-0.5153559874354876
259,W-/Z,45.70302963256836,-2.02114319810157
260,W-/Z,25.938180923461914,1.7741811540889794
261,W-/Z,13.57561206817627,0.9132943738664189
262,W-/Z,79.13064575195312,-1.4621952076581057
263,W-/Z,122.3948745727539,-1.2346195929336021
264,W-/Z,50.735450744628906,0.511614598157657
265,W-/Z,14.352544784545898,-0.39643801726333083
266,W-/Z,20.559078216552734,0.4449579584103917
267,W-/Z,54.152305603027344,-1.8190363378903922
268,W-/Z,27.703243255615234,0.03898285689821562
269,W-/Z,85.7638931274414,0.6231005202028185
270,W-/Z,45.92127227783203,-0.03679233542147364
271,W-/Z,35.77811050415039,2.8176043798402506
272,W-/Z,12.77480697631836,-1.9660862847069704
273,W-/Z,42.42255783081055,-1.9243520596098334
274,W-/Z,35.616432189941406,-2.0555194347192334
275,W-/Z,14.346170425415039,-1.2777886502356297
276,W-/Z,86.12232208251953,-1.0400873718223544
277,W-/Z,23.1894588470459,0.9572689990320828
278,W-/Z,19.946624755859375,-0.12650598532588614
279,W-/Z,28.29953384399414,0.4198256049025101
280,W-/Z,44.22947692871094,2.239649440269523
281,W-/Z,16.463825225830078,0.283393897129826
282,W-/Z,22.786943435668945,-1.9686102275528314
283,W-/Z,14.982405662536621,-2.8115255612680405
284,W-/Z,26.76180076599121,0.4123483497289653
285,W-/Z,17.62051773071289,0.5437105018230856
286,W-/Z,14.578551292419434,1.049840802334373
287,W-/Z,22.617473602294922,-0.8957684740773793
288,W-/Z,27.19967269897461,-1.043976552016558
289,W-/Z,6.469685077667236,1.9270467665268454
290,W-/Z,18.072011947631836,1.3779640225337983
291,W-/Z,49.947418212890625,2.9503768990394788
292,W-/Z,51.76310729980469,-1.1486273235295446
293,W-/Z,43.019500732421875,-0.37114095241772316
294,W-/Z,49.997093200683594,1.61055950068023
295,W-/Z,40.72042465209961,-0.1678111519819796
296,W-/Z,19.993120193481445,-0.9262989909016
297,W-/Z,30.344345092773438,-0.11964622078799692
298,W-/Z,15.34885025024414,1.8089418322224218
299,W-/Z,65.00762176513672,-0.2023631607216887
300,W-/Z,58.590003967285156,-0.47078122586775395
301,W-/Z,42.34562301635742,2.1287593006593144
302,W-/Z,28.218557357788086,0.01708963861445545
303,W-/Z,28.70646095275879,-0.25418511169980407
304,W-/Z,22.859350204467773,-3.477467339888459
305,W-/Z,27.36457061767578,0.6367632651466486
306,W-/Z,7.689329147338867,-2.0371038978780938
307,W-/Z,23.13549041748047,0.694785206235495
308,W-/Z,33.94630432128906,-2.0018468249081343
309,W-/Z,25.09831428527832,0.8795983941656071
310,W-/Z,44.25381851196289,1.6817740329540136
311,W-/Z,42.09042739868164,-2.0666388171621457
312,W-/Z,26.50893783569336,-0.2744167973538806
313,W-/Z,22.6297607421875,-0.5583459304521275
314,W-/Z,30.46438980102539,-0.9789688850568785
315,W-/Z,33.35472869873047,0.8232839869538
316,W-/Z,25.792734146118164,2.719021575781338
317,W-/Z,41.57341003417969,-0.0046849236712896425
318,W-/Z,21.06334114074707,0.6250075695451626
319,W-/Z,45.39381408691406,0.3295890960614358
320,W-/Z,45.240699768066406,-3.454919908591117
321,W-/Z,24.216459274291992,0.1102508729516094
322,W-/Z,19.458698272705078,1.457275403835379
323,W-/Z,68.12947845458984,-0.4168521058560047
324,W-/Z,39.735877990722656,1.1625877453124467
325,W-/Z,34.16392135620117,-1.0663184744153118
326,W-/Z,49.44034957885742,0.22597414372644048
327,W-/Z,37.48959732055664,0.4310472280034085
328,W-/Z,30.06876564025879,-1.293025540930097
329,W-/Z,34.67100143432617,-0.5944893190819306
330,W-/Z,4.208934307098389,-1.239847527147121
331,W-/Z,16.113096237182617,-0.8956205137713443
332,W-/Z,22.953428268432617,-1.4986160703944802
333,W-/Z,17.273468017578125,-1.3862907680451935
334,W-/Z,24.958276748657227,3.255210790214085
335,W-/Z,29.909770965576172,-0.14312022388920675
336,W-/Z,54.7623291015625,-1.8289761919216911
337,W-/Z,19.963335037231445,-0.5488612938789365
338,W-/Z,43.54038619995117,0.8846866580093067
339,W-/Z,24.749711990356445,-0.971823926559445
340,W-/Z,21.896381378173828,-0.5298038349136537
341,W-/Z,25.4595947265625,-1.538514453852094
342,W-/Z,23.500019073486328,0.7104374681684879
343,W-/Z,65.35005950927734,-1.0710841767243064
344,W-/Z,33.58778762817383,0.009345211294119138
345,W-/Z,23.74515151977539,-1.1477488064830177
346,W-/Z,20.427392959594727,-0.1801714310046767
347,W-/Z,78.10455322265625,-0.8896646027144279
348,W-/Z,59.47602462768555,-1.0061531213505355
349,W-/Z,14.50015640258789,-0.34185884138666944
350,W-/Z,44.09100341796875,0.821122837104151
351,W-/Z,15.696178436279297,-1.271444995173837
352,W-/Z,23.847564697265625,-0.26174970530295305
353,W-/Z,26.31048583984375,0.22906914829218256
354,W-/Z,45.896026611328125,-0.00469652323461045
355,W-/Z,47.24231719970703,0.610277641006992
356,W-/Z,36.27980041503906,0.2000789102214302
357,W-/Z,12.86704158782959,-1.9957414809346503
358,W-/Z,33.093448638916016,2.2860288057544507
359,W-/Z,20.526525497436523,-0.0796686532053098
360,W-/Z,17.044979095458984,-2.022165815486172
361,W-/Z,13.39877986907959,-1.2060314993978074
362,W-/Z,28.012481689453125,1.2383064555925636
363,W-/Z,16.566844940185547,-0.5266007845524558
364,W-/Z,24.494218826293945,0.2964472958978944
365,W-/Z,34.89314270019531,0.29546958892309394
366,W-/Z,14.074728012084961,1.012460750083667
367,W-/Z,30.420122146606445,-0.5130155440015507
368,W-/Z,7.4575514793396,-1.403273105323065
369,W-/Z,82.32161712646484,-0.5148338508175409
370,W-/Z,38.254722595214844,0.04753632165663524
371,W-/Z,27.24381446838379,0.5138651141937748
372,W-/Z,21.837385177612305,2.1476394070464013
373,W-/Z,18.37005043029785,-0.7420399325035105
374,W-/Z,59.773414611816406,-0.5267480357441787
375,W-/Z,26.87862777709961,0.31524934108022606
376,W-/Z,78.39754486083984,-1.1541433985465195
377,W-/Z,50.61467742919922,1.851982267244514
378,W-/Z,14.003695487976074,1.2034112639043593
379,W-/Z,16.460615158081055,-1.2495328863780715
380,W-/Z,23.46029281616211,0.14023826531916223
381,W-/Z,27.55375862121582,1.0942686837877513
382,W-/Z,20.57651138305664,-0.9015827081149363
383,W-/Z,25.94614601135254,-0.21239108090586856
384,W-/Z,12.182571411132812,-1.51683498860239
385,W-/Z,32.59832000732422,-0.8797454727252383
386,W-/Z,35.93255615234375,1.8567987050153554
387,W-/Z,21.243427276611328,0.49154106372008777
388,W-/Z,33.491844177246094,0.4728615850083336
389,W-/Z,16.566959381103516,-1.7995097820624433
390,W-/Z,23.344676971435547,-0.2956212000167716
391,W-/Z,27.551563262939453,-1.8207908956418584
392,W-/Z,29.875158309936523,-0.9305973802968296
393,W-/Z,8.824817657470703,-1.0359977340291926
394,W-/Z,17.887849807739258,-0.6276109442754867
395,W-/Z,53.54490280151367,0.10129331183787826
396,W-/Z,12.228667259216309,-0.8043758865093794
397,W-/Z,12.804571151733398,0.37003910807794915
398,W-/Z,32.66654968261719,-0.30563671631195244
399,W-/Z,26.58268165588379,-0.0800072795753538
400,W-/Z,30.68977165222168,2.300707230122857
401,W-/Z,55.3665771484375,-2.0264791799334354
402,W-/Z,38.245121002197266,-0.63728054214759
403,W-/Z,22.399118423461914,-1.622982981490313
404,W-/Z,33.25568389892578,2.496148856224244
405,W-/Z,22.902420043945312,-0.010857327714970721
406,W-/Z,18.014720916748047,0.11065106929763568
407,W-/Z,23.730024337768555,-1.094702713191001
408,W-/Z,66.93000793457031,0.3210786258911712
409,W-/Z,18.940448760986328,-0.10517960370536128
410,W-/Z,44.771453857421875,-1.3936416452629192
411,W-/Z,75.57547760009766,1.869103697833361
412,W-/Z,28.088850021362305,-0.5941466143056775
413,W-/Z,31.35675811767578,-1.6604580512626257
414,W-/Z,28.897417068481445,0.18977442139083578
415,W-/Z,17.225563049316406,-0.6184619460529033
416,W-/Z,24.43429183959961,2.487288943669265
417,W-/Z,35.56257629394531,-1.288134472591724
418,W-/Z,36.15323257446289,-0.03508197043365624
419,W-/Z,20.002347946166992,-0.1262672883506183
420,W-/Z,72.00090789794922,-2.205238518983032
421,W-/Z,19.162328720092773,-0.8066092469160517
422,W-/Z,21.07467269897461,0.12971003024590183
423,W-/Z,12.111326217651367,-0.15055647530621163
424,W-/Z,16.57059669494629,0.2759840778992195
425,W-/Z,36.0623664855957,-1.6674374414650976
426,W-/Z,34.821659088134766,-0.6207069130991663
427,W-/Z,30.146278381347656,0.5304805149603177
428,W-/Z,70.23163604736328,0.8727829968250402
429,W-/Z,18.470447540283203,-0.31248785190248585
430,W-/Z,45.47490692138672,3.1650751749525448
431,W-/Z,25.692617416381836,0.847039389522109
432,W-/Z,27.32679557800293,3.0684074332183084
433,W-/Z,22.22336196899414,1.2182116172355144
434,W-/Z,35.14737319946289,-0.9658456761229107
435,W-/Z,35.872501373291016,-0.8724295288756739
436,W-/Z,35.627628326416016,0.33692654438686254
437,W-/Z,33.426204681396484,-3.9231859504636515
438,W-/Z,20.579341888427734,2.5724994193040995
439,W-/Z,41.167171478271484,-0.6210959995320529
440,W-/Z,79.62825775146484,-1.7896559006260149
441,W-/Z,47.54912185668945,1.1214782543260862
442,W-/Z,22.63157081604004,-1.8611272672439994
443,W-/Z,24.42507553100586,-0.26747933692948417
444,W-/Z,16.060550689697266,0.8894914842841243
445,W-/Z,41.4920654296875,0.22545177385225085
446,W-/Z,33.60222244262695,-1.999981845280726
447,W-/Z,34.50153350830078,-0.2948951716783681
448,W-/Z,17.121570587158203,-1.7697728572480795
449,W-/Z,26.59348487854004,2.5920172054157056
450,W-/Z,25.204072952270508,-1.7217385461450776
451,W-/Z,28.220502853393555,2.4270851580830133
452,W-/Z,29.063966751098633,1.1670405715369239
453,W-/Z,62.85885238647461,-0.041782029066814386
454,W-/Z,21.565937042236328,-0.8692203997266628
455,W-/Z,23.258411407470703,2.536952896107626
456,W-/Z,43.386966705322266,-0.9315681622331954
457,W-/Z,37.61367416381836,-0.09393259252327002
458,W-/Z,31.470081329345703,-1.3761508952445092
459,W-/Z,36.49650573730469,2.080196496763961
460,W-/Z,43.1623420715332,-2.2435086960305974
461,W-/Z,59.1420783996582,-0.23644741171829298
462,W-/Z,34.66633224487305,-0.2550173637012013
463,W-/Z,91.41345977783203,-0.47600448149498453
464,W-/Z,31.433513641357422,-0.6422741219668295
465,W-/Z,22.01474952697754,-2.6410408794242692
466,W-/Z,39.403106689453125,-0.0811134840273191
467,W-/Z,30.53402328491211,-0.5457650242123782
468,W-/Z,25.14199447631836,0.05354512392794997
469,W-/Z,20.172269821166992,0.9614358739454881
470,W-/Z,8.060140609741211,-1.7456144148127
471,W-/Z,15.345779418945312,-1.6581001499052634
472,W-/Z,23.483713150024414,1.5584737144111953
473,W-/Z,41.375633239746094,0.06862697634798054
474,W-/Z,19.773929595947266,-0.628307220762123
475,W-/Z,16.53116226196289,-1.0101963725692849
476,W-/Z,3.8068108558654785,0.8708593686755565
477,W-/Z,31.542728424072266,-1.1452202390565747
478,W-/Z,32.66015625,0.24887033115780866
479,W-/Z,66.53536224365234,-2.2582214254304316
480,W-/Z,42.71213912963867,-0.08977180685464226
481,W-/Z,29.895185470581055,0.36255367336503
482,W-/Z,27.024600982666016,0.29001489397413377
483,W-/Z,36.427001953125,-0.1450276468711223
484,W-/Z,65.7331314086914,-0.23795456574664198
485,W-/Z,28.63348388671875,0.7035739024421446
486,W-/Z,20.420486450195312,-0.44388913912904077
487,W-/Z,24.88738441467285,0.33480175746201324
488,W-/Z,31.988191604614258,0.09082773114132736
489,W-/Z,19.342206954956055,-0.5856029639606454
490,W-/Z,51.593441009521484,-4.150867059473928
491,W-/Z,18.23392105102539,-0.5341134007248107
492,W-/Z,51.64162826538086,-1.9381146516069756
493,W-/Z,30.878620147705078,-2.4896183608153217
494,W-/Z,35.01527786254883,-1.059031958469713
495,W-/Z,9.68899917602539,-2.102664211642
496,W-/Z,27.330717086791992,-0.32363120845285254
497,W-/Z,24.190561294555664,0.48943776173579
498,W-/Z,38.76579666137695,-0.1737948496473779
499,W-/Z,16.461145401000977,-0.14634392971173693
500,W-/Z,56.86783981323242,-1.1740149374935813
501,W-/Z,30.66221809387207,1.4442187030235374
502,W-/Z,19.50433921813965,-0.5547936104200942
503,W-/Z,41.14059829711914,-2.9517445008173877
504,W-/Z,42.74806213378906,1.625698641485687
505,W-/Z,20.94141960144043,0.5753440530298201
506,W-/Z,8.10877799987793,-1.7421370466288741
507,W-/Z,14.479207992553711,-0.504436745043236
508,W-/Z,84.05140686035156,-1.3294295973229246
509,W-/Z,40.62846755981445,0.6542675625574603
510,W-/Z,52.57177734375,-1.0858599015395
511,W-/Z,15.943674087524414,1.120638692550962
512,W-/Z,49.2105598449707,-0.6316362230168175
513,W-/Z,56.3767204284668,-0.7733973077955526
514,W-/Z,24.607255935668945,0.15522848690058477
515,W-/Z,25.50688934326172,0.3950949846467662
516,W-/Z,30.645071029663086,-1.1595636534440086
517,W-/Z,19.49317169189453,0.7650743562249847
518,W-/Z,20.846065521240234,-0.29180514199795016
519,W-/Z,19.936697006225586,0.4729752973066895
520,W-/Z,36.734710693359375,-1.6405179632711695
521,W-/Z,39.85008239746094,-1.0449945755443433
522,W-/Z,42.32291030883789,-1.4605313400705966
523,W-/Z,27.47744369506836,-0.9028568683927395
524,W-/Z,1.9231078624725342,0.3408494746165044
525,W-/Z,32.01763153076172,-2.2141622267276215
526,W-/Z,81.91985321044922,-0.4302039454244597
527,W-/Z,28.489694595336914,-1.31485401201628
528,W-/Z,26.636459350585938,0.41451619289671465
529,W-/Z,29.960304260253906,-0.59222220883243
530,W-/Z,24.585006713867188,1.6160598509486712
531,W-/Z,61.499427795410156,0.8849301714342458
532,W-/Z,36.648277282714844,-2.4241230193426864
533,W-/Z,34.06425094604492,-1.4633030644850304
534,W-/Z,9.260103225708008,-2.37425481883596
535,W-/Z,55.317935943603516,0.5144524133387038
536,W-/Z,41.13559341430664,0.9901953613006719
537,W-/Z,19.8756046295166,-1.872897474057913
538,W-/Z,57.56972122192383,0.8305526706202427
539,W-/Z,59.81682586669922,-0.7793841992751733
540,W-/Z,15.465347290039062,-0.6111235184892656
541,W-/Z,14.749616622924805,0.5354892788403017
542,W-/Z,45.03163146972656,-0.9505183146104542
543,W-/Z,14.678041458129883,-1.4186616564237675
544,W-/Z,21.691997528076172,-1.0287723895652383
545,W-/Z,15.895424842834473,-0.3191736450725807
546,W-/Z,12.486786842346191,-0.9633584636975385
547,W-/Z,26.814298629760742,-1.0793161784914203
548,W-/Z,17.6091251373291,-2.4464562105683463
549,W-/Z,15.049262046813965,1.1932724657228428
550,W-/Z,46.78043746948242,-0.40743354542903226
551,W-/Z,22.22251319885254,-2.909612853494128
552,W-/Z,32.99631118774414,1.5060545145892652
553,W-/Z,42.77071762084961,-0.4499529604994199
554,W-/Z,40.20192337036133,-1.050076195506418
555,W-/Z,60.08647537231445,0.09687693170832773
556,W-/Z,25.892385482788086,-1.2131345970291063
557,W-/Z,42.818328857421875,-0.20656548891651216
558,W-/Z,16.111717224121094,1.2903984560009878
559,W-/Z,29.711238861083984,0.4507832715063967
560,W-/Z,24.048690795898438,0.7603580370560883
561,W-/Z,19.43501091003418,-0.773581321586609
562,W-/Z,51.93146896362305,-0.7588265271595958
563,W-/Z,23.731887817382812,-1.3838992579901674
564,W-/Z,18.43511390686035,-0.6822598970409384
565,W-/Z,19.421674728393555,-1.5512322505388836
566,W-/Z,32.10432052612305,1.3886997328943842
567,W-/Z,9.239007949829102,-1.2980659028496206
568,W-/Z,22.022987365722656,0.469053951058526
569,W-/Z,38.609378814697266,0.25925975762449904
570,W-/Z,21.241674423217773,-1.7017247026974838
571,W-/Z,16.97623062133789,-0.11052791390324246
572,W-/Z,21.555288314819336,-1.841641482434568
573,W-/Z,22.977338790893555,3.222540920941564
574,W-/Z,27.359140396118164,0.6096782621428669
575,W-/Z,34.279335021972656,-0.5700501714714177
576,W-/Z,24.746278762817383,-0.3643671150450648
577,W-/Z,56.91279220581055,2.883643092637136
578,W-/Z,17.269729614257812,0.29564714411583143
579,W-/Z,56.29131317138672,1.5901969654341988
580,W-/Z,26.296276092529297,-0.7719572667680561
581,W-/Z,15.5569429397583,0.9638369832939018
582,W-/Z,72.32173156738281,-1.4157208131700307
583,W-/Z,16.37992286682129,0.22464067415845634
584,W-/Z,39.62227249145508,-1.1537455401918808
585,W-/Z,8.515783309936523,-0.9704515319412278
586,W-/Z,11.829718589782715,-0.15227775997118298
587,W-/Z,31.457597732543945,-0.4108665948347797
588,W-/Z,68.01162719726562,-0.920482810564358
589,W-/Z,38.191646575927734,1.5440416371607424
590,W-/Z,22.247304916381836,-0.046395482591890524
591,W-/Z,22.702579498291016,-0.23531078571431419
592,W-/Z,23.942440032958984,-0.12063482673443748
593,W-/Z,19.08087158203125,-0.12007113570918815
594,W-/Z,42.547725677490234,1.0795720685787473
595,W-/Z,54.726722717285156,-0.46525940593989334
596,W-/Z,27.276151657104492,-1.0550082300963908
597,W-/Z,24.115991592407227,0.19897073050661163
598,W-/Z,28.765106201171875,-2.578293530028124
599,W-/Z,46.972900390625,-0.9104325784379429
600,W-/Z,18.966962814331055,-1.9163078504168558
601,W-/Z,37.581871032714844,0.996754539209696
602,W-/Z,21.12847137451172,-1.9680148993279418
603,W-/Z,18.039812088012695,0.3746846847881369
604,W-/Z,53.366268157958984,-2.4491511731121784
605,W-/Z,28.004199981689453,-1.8574429123333827
606,W-/Z,62.58335494995117,-1.0437926262962085
607,W-/Z,34.77103805541992,0.41656252022793294
608,W-/Z,32.87483596801758,-0.8252463802486678
609,W-/Z,58.96603012084961,-1.3795516161908192
610,W-/Z,16.735076904296875,0.4308339685636974
611,W-/Z,19.829082489013672,0.02759922006108212
612,W-/Z,32.062110900878906,-0.22433929563411947
613,W-/Z,41.22886657714844,-0.8235266846892134
614,W-/Z,26.79732894897461,-1.8217365375146688
615,W-/Z,29.06319808959961,1.368663494282046
616,W-/Z,16.456159591674805,-2.034217514892807
617,W-/Z,20.426618576049805,-2.045930170457287
618,W-/Z,16.378183364868164,-0.44583871165529576
619,W-/Z,23.472265243530273,0.857973532836614
620,W-/Z,53.59629440307617,0.015739268647292914
621,W-/Z,22.93936538696289,-0.1795275398180306
622,W-/Z,37.8411750793457,-3.0211263593763698
623,W-/Z,30.999706268310547,-0.5119225748513991
624,W-/Z,13.462437629699707,0.6120551153527815
625,W-/Z,46.38154983520508,0.033481693835512694
626,W-/Z,32.9741096496582,0.7671818966998512
627,W-/Z,53.282169342041016,-1.7171074433713738
628,W-/Z,17.671525955200195,-1.6530736906312906
629,W-/Z,27.032358169555664,0.5956177462319188
630,W-/Z,42.33838653564453,-2.298532293634156
631,W-/Z,14.140857696533203,0.25322741677040456
632,W-/Z,15.894968032836914,0.847148856898102
633,W-/Z,34.03390884399414,-2.7790771461819936
634,W-/Z,26.341522216796875,0.9794251997705028
635,W-/Z,31.901506423950195,-0.2501164509960355
636,W-/Z,13.134587287902832,0.6370982667941014
637,W-/Z,34.379676818847656,-0.9469723167773141
638,W-/Z,24.441429138183594,-0.1349231870255383
639,W-/Z,15.241645812988281,-1.528429106322726
640,W-/Z,43.368648529052734,0.5499865385922381
641,W-/Z,23.353782653808594,-1.5153894264452779
642,W-/Z,35.38606262207031,-1.3928985319769058
643,W-/Z,50.132625579833984,1.6583611760409327
644,W-/Z,41.623565673828125,0.14528705814762993
645,W-/Z,32.94218063354492,-1.748522577883877
646,W-/Z,37.64781188964844,-0.5297119438671789
647,W-/Z,20.28073501586914,-0.5221461139368672
648,W-/Z,51.197113037109375,-0.1761764646070002
649,W-/Z,15.542264938354492,-1.5433342146528894
650,W-/Z,31.714479446411133,-0.43969906322259716
651,W-/Z,22.128543853759766,-0.529079844595581
652,W-/Z,21.07611083984375,-1.6368518278283952
653,W-/Z,41.66618347167969,1.0370508249365495
654,W-/Z,24.360525131225586,-2.9873660347789452
655,W-/Z,70.06490325927734,1.3168973199746477
656,W-/Z,22.592836380004883,-1.5027792697322115
657,W-/Z,20.45427131652832,1.3983759272805227
658,W-/Z,28.909961700439453,0.5977505875915172
659,W-/Z,13.283177375793457,-0.39504278320081426
660,W-/Z,22.54864501953125,0.17300642429408253
661,W-/Z,23.70918846130371,0.03754019492450067
662,W-/Z,10.968598365783691,0.05501483019185405
663,W-/Z,21.791900634765625,-1.0539780021582872
664,W-/Z,23.160306930541992,-0.5978950453566538
665,W-/Z,23.090843200683594,0.50025498901813
666,W-/Z,29.578227996826172,0.11729516136615137
667,W-/Z,56.05558776855469,-0.8803336737543493
668,W-/Z,23.262714385986328,0.5958252926731791
669,W-/Z,21.079692840576172,-1.3541754725139503
670,W-/Z,24.820972442626953,-0.21571255149467505
671,W-/Z,53.80458450317383,-0.7928578303518454
672,W-/Z,21.527976989746094,0.18368147870407353
673,W-/Z,26.137283325195312,0.766330743685486
674,W-/Z,24.240995407104492,1.3519591124484944
675,W-/Z,26.51568603515625,-1.5445134555377162
676,W-/Z,14.730257987976074,1.522212333595911
677,W-/Z,35.63423156738281,1.4206805789692143
678,W-/Z,7.429337024688721,-0.1272656665846914
679,W-/Z,68.8047866821289,1.7777361117078798
680,W-/Z,18.152732849121094,1.9108712472568525
681,W-/Z,26.701841354370117,1.5334986015833554
682,W-/Z,25.257625579833984,-0.6973690002410822
683,W-/Z,29.147363662719727,0.17417119054412927
684,W-/Z,52.988704681396484,-1.4947745036489641
685,W-/Z,23.599905014038086,0.7910765006058812
686,W-/Z,36.85344314575195,1.2457864004084631
687,W-/Z,103.21641540527344,-0.04968496550519047
688,W-/Z,13.203003883361816,-1.4384525544834221
689,W-/Z,18.636354446411133,0.1085163708718071
690,W-/Z,48.77243423461914,-0.5157062122547187
691,W-/Z,60.35041046142578,-2.9193213386301933
692,W-/Z,26.824010848999023,-0.559870555000595
693,W-/Z,27.452938079833984,-1.955308269994842
694,W-/Z,33.85728073120117,-1.8091463886875514
695,W-/Z,9.42160701751709,-1.2414634784641183
696,W-/Z,50.11607360839844,-0.7914037274242697
697,W-/Z,75.82347869873047,-0.07166604402456811
698,W-/Z,21.877666473388672,1.2659099036631694
699,W-/Z,13.885945320129395,-2.022916970812523
700,W-/Z,38.28447723388672,-0.4815457765989636
701,W-/Z,24.412864685058594,0.7614247388916124
702,W-/Z,50.711036682128906,-0.2517647085375354
703,W-/Z,42.58327865600586,-1.1120835348306652
704,W-/Z,71.32337951660156,0.7691898822657397
705,W-/Z,32.60308074951172,1.174005187116927
706,W-/Z,12.19474983215332,1.6715180560601324
707,W-/Z,16.754533767700195,0.06397316384193519
708,W-/Z,27.014867782592773,-0.7751298775070299
709,W-/Z,37.27548599243164,0.3319230426561274
710,W-/Z,18.186582565307617,-0.8895680420539605
711,W-/Z,34.37886428833008,-2.0968451530740833
712,W-/Z,21.050556182861328,-1.8002120548834308
713,W-/Z,45.1096076965332,0.38578793227960706
714,W-/Z,21.742277145385742,-0.7927385351030897
715,W-/Z,24.1560115814209,-0.12281399562835649
716,W-/Z,17.23345947265625,0.15826059534209713
717,W-/Z,15.518494606018066,-0.6970303465262
718,W-/Z,28.02644157409668,-1.1033688586413408
719,W-/Z,40.665836334228516,-1.4975292044293513
720,W-/Z,24.202117919921875,-0.4429241612198518
721,W-/Z,31.00798797607422,2.3105453841898047
722,W-/Z,54.211883544921875,-0.28820930574612624
723,W-/Z,34.605289459228516,1.0209011326212922
724,W-/Z,27.128698348999023,0.14352739171675438
725,W-/Z,16.239477157592773,-0.43943007816405033
726,W-/Z,36.77271270751953,-0.23900879068055747
727,W-/Z,42.20672607421875,-1.5451471568172188
728,W-/Z,24.051488876342773,-0.025429952565588776
729,W-/Z,31.723329544067383,0.29178144959826613
730,W-/Z,13.462615966796875,0.4876055486395872
731,W-/Z,9.673197746276855,-1.1707064202424797
732,W-/Z,30.182416915893555,2.2446512600336144
733,W-/Z,18.865093231201172,-2.0285790695876345
734,W-/Z,34.32456588745117,1.1917557400245644
735,W-/Z,51.936798095703125,1.3025611707493645
736,W-/Z,25.060625076293945,1.010955528022428
737,W-/Z,30.046567916870117,1.8451311059864186
738,W-/Z,43.56367492675781,-0.1707700932907027
739,W-/Z,22.891386032104492,-0.8998289556608965
740,W-/Z,68.71946716308594,-1.8821473410503953
741,W-/Z,28.14849281311035,-2.7167906874375722
742,W-/Z,48.3288459777832,0.5290127368169923
743,W-/Z,37.85329055786133,0.35335187823637304
744,W-/Z,10.657380104064941,-1.7319038609714128
745,W-/Z,21.2901554107666,2.3308270792639387
746,W-/Z,21.07054328918457,-1.19439301777964
747,W-/Z,68.28006744384766,0.07733954283434058
748,W-/Z,96.194091796875,2.883246102568846
749,W-/Z,28.296077728271484,-1.3889756722590136
750,W-/Z,42.445011138916016,-0.6788361081609934
751,W-/Z,35.71660614013672,1.007382891017729
752,W-/Z,86.08357238769531,1.7346302758303485
753,W-/Z,59.539127349853516,-0.48214429159090744
754,W-/Z,21.07562828063965,0.7831968634204777
755,W-/Z,63.90557098388672,-3.491401567771784
756,W-/Z,15.206918716430664,1.1065842233475016
757,W-/Z,32.13710403442383,1.2652132685249033
758,W-/Z,24.67998504638672,0.1914867150172423
759,W-/Z,31.12591552734375,0.5141891390087834
760,W-/Z,46.64619827270508,0.1721838296751127
761,W-/Z,19.256988525390625,0.17432330341122715
762,W-/Z,17.339120864868164,-1.5281273278831584
763,W-/Z,34.713844299316406,-1.5651287847018795
764,W-/Z,24.518695831298828,-0.7400884727307978
765,W-/Z,17.044837951660156,0.6848558706216267
766,W-/Z,36.59751892089844,0.6428173532181245
767,W-/Z,37.00290298461914,-0.3518183990612075
768,W-/Z,8.410776138305664,-0.3425698666026844
769,W-/Z,34.07863235473633,-1.171097677186972
770,W-/Z,27.20526123046875,-0.37579346143980574
771,W-/Z,26.652023315429688,-0.2767810612972884
772,W-/Z,27.288724899291992,-1.2718976185272843
773,W-/Z,27.857681274414062,0.7427717031001959
774,W-/Z,13.302657127380371,0.7272106430014684
775,W-/Z,17.84949493408203,-3.2271337800014726
776,W-/Z,27.6005802154541,-1.5771644533230016
777,W-/Z,74.78791809082031,1.1674685795648043
778,W-/Z,30.139101028442383,0.08001544884964351
779,W-/Z,34.48788833618164,-0.5573768562851706
780,W-/Z,26.318052291870117,-0.14946955835277959
781,W-/Z,13.44372272491455,-1.8961123504762831
782,W-/Z,16.3709659576416,0.6648691062384438
783,W-/Z,25.65169334411621,-0.14352088744835412
784,W-/Z,44.09812545776367,-0.9669717145191009
785,W-/Z,21.825706481933594,-1.2476181211001973
786,W-/Z,12.410629272460938,-0.7117124416662433
787,W-/Z,33.59436798095703,0.46973187829596275
788,W-/Z,25.219804763793945,-1.7135889796437132
789,W-/Z,24.27907371520996,-2.722416110432606
790,W-/Z,17.125003814697266,-0.19951154460153847
791,W-/Z,25.795866012573242,0.04729610618578173
792,W-/Z,73.65592956542969,-2.016268007786459
793,W-/Z,46.36546325683594,0.739206917071108
794,W-/Z,21.838375091552734,-0.050118256646112025
795,W-/Z,31.91020965576172,2.254278333708225
796,W-/Z,59.00225830078125,1.287884787746437
797,W-/Z,34.27181625366211,-0.3975217035132418
798,W-/Z,14.770060539245605,-1.7335291544388727
799,W-/Z,25.413179397583008,-0.5360265377309885
800,W-/Z,34.59111785888672,2.2198201894471454
801,W-/Z,19.439443588256836,0.14563501956186808
802,W-/Z,15.973663330078125,-1.4302631191426929
803,W-/Z,19.613494873046875,-1.7551105959956503
804,W-/Z,28.3212947845459,0.32665203897568973
805,W-/Z,29.537181854248047,-1.4546589482481007
806,W-/Z,60.83917999267578,-0.4008646168766959
807,W-/Z,21.83831024169922,0.32733929924739036
808,W-/Z,48.71043395996094,-2.0906034395637367
809,W-/Z,9.819879531860352,-1.2910423104510114
810,W-/Z,28.613374710083008,-1.1759262357077331
811,W-/Z,9.744357109069824,0.022300588050682357
812,W-/Z,17.549680709838867,-0.4753529299334339
813,W-/Z,34.49122619628906,-1.3509240387052923
814,W-/Z,28.248910903930664,-0.5289021990796796
815,W-/Z,22.034786224365234,-0.41400888160368376
816,W-/Z,89.27865600585938,-2.1374201993528272
817,W-/Z,61.781005859375,-1.9167346446485896
818,W-/Z,15.819564819335938,-2.0599899579388845
819,W-/Z,21.162015914916992,-1.613041092191731
820,W-/Z,52.02434539794922,-1.0920046687786864
821,W-/Z,31.282373428344727,0.11966601386028813
822,W-/Z,77.14369201660156,-0.4858907107844208
823,W-/Z,26.617067337036133,0.10042776570403722
824,W-/Z,25.8350830078125,-1.180349668131861
825,W-/Z,58.1636848449707,-1.7720504823184873
826,W-/Z,45.482608795166016,0.1616466053767509
827,W-/Z,36.76485824584961,0.43448307253565543
828,W-/Z,24.88544273376465,1.4535764555345865
829,W-/Z,21.987255096435547,1.7493729479275701
830,W-/Z,29.4130859375,-0.8266029146979835
831,W-/Z,81.43598175048828,-1.0247237862453193
832,W-/Z,50.9420051574707,-2.0464145396682842
833,W-/Z,70.67259979248047,-1.5267505561524732
834,W-/Z,57.86176300048828,-0.7616279428561981
835,W-/Z,22.135047912597656,-0.8248010074745832
836,W-/Z,20.71693992614746,0.0949254116817515
837,W-/Z,25.38751792907715,-1.4140252211514226
838,W-/Z,25.525026321411133,1.2749357208758276
839,W-/Z,12.77917194366455,-0.12437448819926356
840,W-/Z,36.38063430786133,-0.2729465640212349
841,W-/Z,15.147737503051758,-0.9622315619116908
842,W-/Z,10.396001815795898,0.42201929017672224
843,W-/Z,17.624267578125,2.6100391560640364
844,W-/Z,37.93955993652344,0.8103548870410038
845,W-/Z,23.947938919067383,-1.8559231786874022
846,W-/Z,35.61885070800781,-0.242953201305734
847,W-/Z,21.104022979736328,0.2603802768178401
848,W-/Z,63.97712326049805,1.6109976993691202
849,W-/Z,25.700105667114258,-1.7289084455448593
850,W-/Z,45.118316650390625,0.023329515201667594
851,W-/Z,28.45747184753418,-2.4158155189452857
852,W-/Z,36.4025993347168,-1.0904668432085987
853,W-/Z,22.983369827270508,0.10184991496586215
854,W-/Z,17.2364444732666,-0.29882132512789356
855,W-/Z,19.738788604736328,-1.7760724956971776
856,W-/Z,40.8839225769043,-0.6846165143966022
857,W-/Z,22.002376556396484,-0.8836046287301197
858,W-/Z,34.072898864746094,-0.3084767273695668
859,W-/Z,25.667461395263672,-1.8451000255738428
860,W-/Z,43.69797897338867,0.23101324896974362
861,W-/Z,22.214675903320312,0.4607956012014307
862,W-/Z,25.65015411376953,0.012746525442058343
863,W-/Z,50.105960845947266,-0.21591865320439396
864,W-/Z,16.28498077392578,-1.8568850223835929
865,W-/Z,80.58329772949219,-1.2408125597030253
866,W-/Z,17.324737548828125,-0.20021657504966744
867,W-/Z,32.49391555786133,-1.1299052396134863
868,W-/Z,35.6580810546875,0.9849625129188886
869,W-/Z,42.4327278137207,-0.6241792966357573
870,W-/Z,24.711854934692383,1.4478965247356963
871,W-/Z,32.98921203613281,-0.4861610255838415
872,W-/Z,23.144838333129883,0.18388718544889937
873,W-/Z,24.82447624206543,0.572191125089665
874,W-/Z,22.458335876464844,-1.271704738392451
875,W-/Z,32.058677673339844,1.209771813909172
876,W-/Z,54.619720458984375,-3.165077784201746
877,W-/Z,21.57103157043457,0.31205761123067144
878,W-/Z,27.815895080566406,0.07149893614289327
879,W-/Z,17.549285888671875,-0.7541881692076524
880,W-/Z,26.547454833984375,-0.5263593053297475
881,W-/Z,19.830461502075195,-1.86946647774975
882,W-/Z,31.238544464111328,-2.9705956359767898
883,W-/Z,24.891427993774414,-1.8156485508270195
884,W-/Z,37.0135612487793,-0.42773693027158083
885,W-/Z,22.71211051940918,1.9725807922555567
886,W-/Z,43.79545974731445,-0.23659605240399928
887,W-/Z,9.401495933532715,0.1743310561060225
888,W-/Z,22.601930618286133,2.5400529296281222
889,W-/Z,99.79359436035156,-0.8175845504489885
890,W-/Z,48.820289611816406,1.3436893583576537
891,W-/Z,28.98771095275879,-0.32011187624739335
892,W-/Z,26.616384506225586,-2.3265166946793716
893,W-/Z,71.92573547363281,0.5577414530971054
894,W-/Z,28.441692352294922,-0.519146488720964
895,W-/Z,55.301170349121094,-3.5017373198881545
896,W-/Z,29.2977352142334,0.40080233307542823
897,W-/Z,23.40947723388672,-1.358069101605873
898,W-/Z,46.31364059448242,-0.0905950618118469
899,W-/Z,55.364322662353516,-0.7931954770740919
900,W-/Z,27.047090530395508,0.5346193236657404
901,W-/Z,90.04803466796875,1.9846397309535004
902,W-/Z,18.461891174316406,0.053523155681954704
903,W-/Z,15.396637916564941,1.022694671438694
904,W-/Z,39.689125061035156,0.702955968939533
905,W-/Z,61.688682556152344,-1.0796390605589061
906,W-/Z,42.46226119995117,1.133694718834409
907,W-/Z,43.66817092895508,-1.8199915274301668
908,W-/Z,17.444229125976562,2.6139606369790616
909,W-/Z,25.507057189941406,-0.054521412536692404
910,W-/Z,15.46755599975586,-0.2983072957678141
911,W-/Z,28.416027069091797,0.524347790570054
912,W-/Z,20.12810516357422,0.27808839858172807
913,W-/Z,20.401830673217773,-1.3342311628105792
914,W-/Z,37.597938537597656,0.06366005726805346
915,W-/Z,11.752732276916504,-0.4801185321677221
916,W-/Z,35.17561721801758,0.519040174630881
917,W-/Z,14.215014457702637,-2.835080657503589
918,W-/Z,20.697017669677734,-0.004649040900167933
919,W-/Z,45.1439208984375,0.83690660978613
920,W-/Z,15.811307907104492,0.6724607263628475
921,W-/Z,8.571474075317383,-0.7976031475387877
922,W-/Z,20.876977920532227,0.6560648044300329
923,W-/Z,13.2553071975708,-0.09657814885052651
924,W-/Z,34.14992141723633,-0.8292269287581729
925,W-/Z,75.89997100830078,-0.45842478820198995
926,W-/Z,54.17973327636719,-0.39894905614383225
927,W-/Z,42.02648162841797,-1.6235631388937288
928,W-/Z,32.129539489746094,0.36936657345718
929,W-/Z,36.62864685058594,-0.2545227531592752
930,W-/Z,28.91943359375,-0.008051867386206224
931,W-/Z,34.51632308959961,-1.049692175017276
932,W-/Z,28.01043701171875,-0.6834465027056624
933,W-/Z,14.744558334350586,-1.270539196389699
934,W-/Z,20.435697555541992,-0.13573316334210245
935,W-/Z,67.81433868408203,-1.1170285108990625
936,W-/Z,34.9895133972168,1.2608221609232362
937,W-/Z,47.575809478759766,0.7415924429450297
938,W-/Z,49.12877655029297,-1.2181574337136511
939,W-/Z,39.94827651977539,-1.0513830504063844
940,W-/Z,27.788440704345703,-0.9294322645966235
941,W-/Z,21.388851165771484,0.14106089723043724
942,W-/Z,23.392290115356445,0.5303302253257366
943,W-/Z,17.267959594726562,-1.0109842192190097
944,W-/Z,14.210886001586914,-0.7959906914481677
945,W-/Z,17.617551803588867,-0.6502877355582852
946,W-/Z,94.98876953125,-2.5531377923942182
947,W-/Z,72.6374740600586,1.3216410238586842
948,W-/Z,16.136917114257812,0.622188397083749
949,W-/Z,14.668551445007324,-0.024691002259456918
950,W-/Z,32.85929489135742,0.13049388028982567
951,W-/Z,29.927671432495117,0.8780876400925353
952,W-/Z,48.769264221191406,0.067209065830516
953,W-/Z,24.252155303955078,1.5780456336910325
954,W-/Z,35.12381362915039,1.4874286115625301
955,W-/Z,47.419960021972656,0.7638195989326162
956,W-/Z,27.843963623046875,-0.40651444851334084
957,W-/Z,29.013687133789062,1.5468030087103224
958,W-/Z,100.47483825683594,1.7095268303901983
959,W-/Z,27.49220085144043,-0.43971035561422966
960,W-/Z,49.648284912109375,-3.5574021575465746
961,W-/Z,44.802677154541016,0.3623956705101372
962,W-/Z,15.627345085144043,-0.37917861582286994
963,W-/Z,33.98817443847656,-2.4399289637877386
964,W-/Z,22.347381591796875,0.10364497086096003
965,W-/Z,21.069499969482422,-1.4162305112322455
966,W-/Z,19.12150764465332,0.04660724681362316
967,W-/Z,21.807506561279297,-1.1987674438769895
968,W-/Z,18.711061477661133,-1.0319105435369758
969,W-/Z,65.32400512695312,2.479369309483872
970,W-/Z,21.497684478759766,-0.6568612061426398
971,W-/Z,15.965951919555664,1.44432234859269
972,W-/Z,29.291091918945312,-0.9837142019759668
973,W-/Z,59.63189697265625,-0.5053202396011258
974,W-/Z,30.531654357910156,-0.6655674223166531
975,W-/Z,28.406452178955078,1.4499167035721567
976,W-/Z,14.66520881652832,-0.8880197267378376
977,W-/Z,33.723140716552734,2.1585430976277564
978,W-/Z,22.180814743041992,-1.4455856381782617
979,W-/Z,84.46284484863281,-1.3814626090671638
980,W-/Z,15.719670295715332,-2.3210395355194677
981,W-/Z,24.966278076171875,0.1137224922304641
982,W-/Z,22.764415740966797,0.046420418723397194
983,W-/Z,19.355621337890625,0.5546960157656129
984,W-/Z,25.445987701416016,0.3849236713763311
985,W-/Z,23.946613311767578,-0.385859014746383
986,W-/Z,29.820350646972656,-0.4569097366340777
987,W-/Z,12.771768569946289,0.5854016816142271
988,W-/Z,42.3132209777832,-0.8728719338755044
989,W-/Z,46.16457748413086,-0.6232491445226154
990,W-/Z,28.807310104370117,2.0540388014584
991,W-/Z,30.218368530273438,1.4124998297039757
992,W-/Z,34.093204498291016,2.1077787320478234
993,W-/Z,8.35648250579834,0.4207267203233775
994,W-/Z,28.70557975769043,-3.4610638577667303
995,W-/Z,24.25939178466797,1.9605531772044356
996,W-/Z,22.376598358154297,0.7842850274385349
997,W-/Z,26.024118423461914,1.0481110512021221
998,W-/Z,23.12542152404785,-1.2745836708306681
999,W-/Z,34.79148483276367,-0.3766191409923515
1000,W-/Z,59.988162994384766,0.9109928895934061
1001,W-/Z,29.322612762451172,-1.406160349250404
1002,W-/Z,22.117389678955078,-0.1322911621522448
1003,W-/Z,6.949988842010498,-0.8383694424337886
1004,W-/Z,33.875125885009766,-0.4558420462323468
1005,W-/Z,50.8953971862793,-0.68625955176395
1006,W-/Z,17.434816360473633,0.20260798470985952
1007,W-/Z,15.1204833984375,-0.8601037199877779
1008,W-/Z,38.24052429199219,-0.5756128640639449
1009,W-/Z,20.82061004638672,-0.6875910232574267
1010,W-/Z,39.70829391479492,-1.763936418151537
1011,W-/Z,24.64155387878418,-0.038369565828432484
1012,W-/Z,36.18373489379883,-1.0349601149859962
1013,W-/Z,27.222511291503906,-0.4619542693293246
1014,W-/Z,21.450149536132812,0.3015753039006561
1015,W-/Z,23.330474853515625,0.09094050084292882
1016,W-/Z,52.39901351928711,-1.8747992899444075
1017,W-/Z,38.88320541381836,0.5559756672233916
1018,W-/Z,9.246431350708008,-1.0786296964006954
1019,W-/Z,34.79539108276367,-1.0498346588806835
1020,W-/Z,12.168052673339844,-1.4957725927069916
1021,W-/Z,37.947837829589844,-0.4278459435135706
1022,W-/Z,30.429039001464844,-0.09292298823574519
1023,W-/Z,26.39690399169922,1.554578941388944
1024,W-/Z,56.53166961669922,0.5814918995243874
1025,W-/Z,19.089719772338867,-0.32684885463836433
1026,W-/Z,28.44954490661621,-0.2642241579546774
1027,W-/Z,22.348312377929688,-1.8479594964187975
1028,W-/Z,137.1515350341797,-2.8337921468714833
1029,W-/Z,42.513248443603516,-0.18545539176506598
1030,W-/Z,20.90792465209961,-0.0894757237128373
1031,W-/Z,73.95886993408203,1.1591984321629507
1032,W-/Z,31.14282989501953,-0.1816344384033063
1033,W-/Z,19.885900497436523,-0.8115619245669703
1034,W-/Z,72.2047348022461,0.5499873600709215
1035,W-/Z,80.48897552490234,-1.9695589338447081
1036,W-/Z,26.220354080200195,-0.47805537093027567
1037,W-/Z,16.58676528930664,-1.7201800872645827
1038,W-/Z,23.598552703857422,-3.4858872308176263
1039,W-/Z,26.763870239257812,-1.8345194977817263
1040,W-/Z,23.59214973449707,-0.15184524662596321
1041,W-/Z,72.22596740722656,0.8531463761395552
1042,W-/Z,44.84902572631836,2.457528674666464
1043,W-/Z,11.600536346435547,-0.10276103800894176
1044,W-/Z,22.998472213745117,-2.2725006088936794
1045,W-/Z,20.790267944335938,0.5677888820182109
1046,W-/Z,17.81679916381836,0.9717169552485367
1047,W-/Z,37.87310791015625,0.11916597908255816
1048,W-/Z,10.899824142456055,1.161822951484715
1049,W-/Z,38.5581169128418,0.45001024347961543
1050,W-/Z,30.85808753967285,-0.14317464639252658
1051,W-/Z,23.78546905517578,-0.7977175714227687
1052,W-/Z,21.439151763916016,1.396070184218842
1053,W-/Z,40.26264190673828,0.9894736807266263
1054,W-/Z,40.44355773925781,0.521694650190225
1055,W-/Z,21.88726234436035,-1.296507226151093
1056,W-/Z,29.9997501373291,-1.8612442642578826
1057,W-/Z,20.85273551940918,0.9268303784576344
1058,W-/Z,24.558443069458008,-0.8623917960935964
1059,W-/Z,26.495532989501953,0.413868648996965
1060,W-/Z,31.81698989868164,-0.9308225688678202
1061,W-/Z,58.86197280883789,-1.454584996818753
1062,W-/Z,20.452655792236328,-0.864455332936944
1063,W-/Z,46.809444427490234,0.8904945342761473
1064,W-/Z,42.01362609863281,3.3583112845184715
1065,W-/Z,24.975149154663086,-0.9918254917934236
1066,W-/Z,38.69158935546875,0.5958257139744214
1067,W-/Z,35.86286926269531,-2.030418540016113
1068,W-/Z,67.91722869873047,0.7489988059472259
1069,W-/Z,31.103206634521484,1.9695642206787722
1070,W-/Z,23.342500686645508,-0.3351090707827511
1071,W-/Z,36.72840118408203,-1.0701119747117818
1072,W-/Z,33.668277740478516,-1.913859500178996
1073,W-/Z,27.739213943481445,-1.168935087345496
1074,W-/Z,39.790184020996094,-0.3402824224520403
1075,W-/Z,32.145347595214844,-1.3976241270081653
1076,W-/Z,49.735172271728516,-0.6396411339152976
1077,W-/Z,30.633594512939453,-1.4083116713614166
1078,W-/Z,21.47687530517578,-1.0795034944352886
1079,W-/Z,28.608078002929688,0.026109721570965583
1080,W-/Z,23.33018684387207,2.5820156690821383
1081,W-/Z,14.47142219543457,-0.9573923387708483
1082,W-/Z,39.99430847167969,-0.13484798836499567
1083,W-/Z,57.499855041503906,-0.35118423172923385
1084,W-/Z,26.355871200561523,-0.5448095470144095
1085,W-/Z,21.57383155822754,-0.8559498252007731
1086,W-/Z,29.924192428588867,-1.6249883143625956
1087,W-/Z,21.233171463012695,-0.16206528361746952
1088,W-/Z,16.414127349853516,-2.086091806221116
1089,W-/Z,30.696298599243164,-1.0070180570944163
1090,W-/Z,12.356888771057129,-1.4660216181977503
1091,W-/Z,26.409143447875977,-0.9043456000756278
1092,W-/Z,22.533536911010742,-2.052200321046872
1093,W-/Z,35.208740234375,-0.5706250987388174
1094,W-/Z,94.4738998413086,-0.10177342559485425
1095,W-/Z,47.116756439208984,-1.5154661985263982
1096,W-/Z,47.721248626708984,-2.1208478934008714
1097,W-/Z,30.164093017578125,-0.6984104798731802
1098,W-/Z,91.84618377685547,-2.1593289413268115
1099,W-/Z,56.87697982788086,-1.0413920438053585
1100,W-/Z,28.29845428466797,-2.0484906523559063
1101,W-/Z,21.994550704956055,2.8198029791569623
1102,W-/Z,21.14887809753418,-0.7221142615598636
1103,W-/Z,25.188554763793945,-1.4022023109496333
1104,W-/Z,85.24893188476562,-1.201615468403702
1105,W-/Z,24.762451171875,-0.8653539243598724
1106,W-/Z,24.791675567626953,-0.2697487408094721
1107,W-/Z,24.341806411743164,-0.24724696714731098
1108,W-/Z,28.61248779296875,0.18997641060735238
1109,W-/Z,15.511119842529297,-0.7868091440762873
1110,W-/Z,35.92942428588867,1.6821416007874648
1111,W-/Z,21.7496395111084,-0.9736848035832952
1112,W-/Z,18.71816635131836,2.1043625946639932
1113,W-/Z,16.40157699584961,-1.212578197276509
1114,W-/Z,63.437015533447266,-0.4883980579953868
1115,W-/Z,25.553340911865234,0.05037953590746869
1116,W-/Z,49.51634979248047,0.017296333193837887
1117,W-/Z,19.892589569091797,-0.22482911732628996
1118,W-/Z,23.520071029663086,0.9649789236142773
1119,W-/Z,28.964658737182617,-3.197787854275009
1120,W-/Z,32.03959655761719,-2.2336650298598686
1121,W-/Z,15.01604175567627,1.3961556772745607
1122,W-/Z,28.8984317779541,0.8214954226820705
1123,W-/Z,10.333072662353516,-0.8286205935083188
1124,W-/Z,21.038175582885742,1.5867742716499524
1125,W-/Z,19.232791900634766,-0.5444447123121551
1126,W-/Z,32.389503479003906,-1.871227591756456
1127,W-/Z,21.11388397216797,1.020189551576118
1128,W-/Z,19.1337833404541,-0.27310167767654103
1129,W-/Z,17.5605525970459,-0.2809664505838892
1130,W-/Z,41.123695373535156,1.785174799828157
1131,W-/Z,26.36138153076172,0.17166916573587038
1132,W-/Z,42.44755935668945,0.2362678063826854
1133,W-/Z,33.0227165222168,-0.8760863359179536
1134,W-/Z,30.429697036743164,0.6879818669015302
1135,W-/Z,16.67966079711914,-1.4236672290277814
1136,W-/Z,44.8532600402832,2.3938638566923
1137,W-/Z,22.195018768310547,-0.47400483425139933
1138,W-/Z,16.18771743774414,-0.06115261227596258
1139,W-/Z,36.0243034362793,-0.9906925728594582
1140,W-/Z,10.83264446258545,0.668019875703276
1141,W-/Z,24.57119369506836,-0.15563367377547255
1142,W-/Z,35.602962493896484,-0.3668294195926475
1143,W-/Z,29.287084579467773,0.43702097462763057
1144,W-/Z,30.305404663085938,-0.7554126518034666
1145,W-/Z,12.587861061096191,0.12956851726594243
1146,W-/Z,41.84064865112305,0.49443768422752465
1147,W-/Z,21.27635955810547,1.243551933930661
1148,W-/Z,37.83038330078125,2.5294001263166788
1149,W-/Z,29.204265594482422,0.9343340766526627
1150,W-/Z,38.506561279296875,-2.899968135349569
1151,W-/Z,24.58403205871582,-0.5066773463373953
1152,W-/Z,59.82902145385742,-1.3045157543560748
1153,W-/Z,31.154556274414062,0.20262228618896394
1154,W-/Z,28.347698211669922,0.08797470904850158
1155,W-/Z,28.875213623046875,-1.7666483856936392
1156,W-/Z,35.12330627441406,0.04278971835535922
1157,W-/Z,34.62678909301758,0.36722837343800774
1158,W-/Z,20.408414840698242,0.5561178765478663
1159,W-/Z,51.07756423950195,0.4363900324154036
1160,W-/Z,13.497990608215332,1.5867956143964017
1161,W-/Z,33.349769592285156,-1.753870621331016
1162,W-/Z,30.495553970336914,-1.9433408268749235
1163,W-/Z,23.299503326416016,-2.9420905350388455
1164,W-/Z,26.70134925842285,-0.6475601167217411
1165,W-/Z,22.518383026123047,-2.466639638988255
1166,W-/Z,29.463069915771484,2.4467505519798807
1167,W-/Z,53.907108306884766,0.6268087538631204
1168,W-/Z,25.969526290893555,-0.37638978513895327
1169,W-/Z,11.274853706359863,-1.1778045485259483
1170,W-/Z,40.14765548706055,-1.6885237438000757
1171,W-/Z,29.88924789428711,-0.7234403327732084
1172,W-/Z,33.859466552734375,-0.6815705753606482
1173,W-/Z,14.033468246459961,-0.9042296448506634
1174,W-/Z,38.25482177734375,-0.744984664114505
1175,W-/Z,21.597896575927734,1.3238953527795232
1176,W-/Z,24.549312591552734,1.022303583960114
1177,W-/Z,62.990291595458984,0.2903865695263367
1178,W-/Z,10.989790916442871,0.9074669002097662
1179,W-/Z,38.97724533081055,0.99159396727223
1180,W-/Z,22.472299575805664,1.184117000619282
1181,W-/Z,24.044702529907227,2.1489588793492542
1182,W-/Z,20.494382858276367,-0.5393783831833716
1183,W-/Z,18.640480041503906,-0.7750445507018661
1184,W-/Z,14.850170135498047,0.08289707354767317
1185,W-/Z,17.662477493286133,-0.9519031259976661
1186,W-/Z,93.60275268554688,-1.4498065467219523
1187,W-/Z,31.813831329345703,-0.3584912569140247
1188,W-/Z,11.498711585998535,-1.1980388478130495
1189,W-/Z,37.82310104370117,2.237694667964343
1190,W-/Z,29.28304672241211,-1.3234535206117675
1191,W-/Z,36.05076599121094,-1.09968165034116
1192,W-/Z,69.34577178955078,-2.3290143561691443
1193,W-/Z,28.423179626464844,0.8841655999084473
1194,W-/Z,60.71588897705078,-0.1177501982593342
1195,W-/Z,62.09641647338867,0.19914058432208753
1196,W-/Z,29.749919891357422,0.15059705166201565
1197,W-/Z,45.920745849609375,1.6958315892840825
1198,W-/Z,20.77216148376465,-0.8953826349309659
1199,W-/Z,12.793588638305664,-0.408771912396948
1200,W-/Z,40.84305191040039,-1.0750236493253806
1201,W-/Z,17.181184768676758,0.8498128452231327
1202,W-/Z,34.00908279418945,-0.5504564623646147
1203,W-/Z,14.522321701049805,-0.8268766516041268
1204,W-/Z,19.87056541442871,-0.8650826586161561
1205,W-/Z,66.52468872070312,-0.5054793691743684
1206,W-/Z,14.581217765808105,-1.9102783274952169
1207,W-/Z,31.920272827148438,1.4698372373585746
1208,W-/Z,4.187601089477539,0.17290966701203603
1209,W-/Z,27.941186904907227,-0.36779885477177016
1210,W-/Z,49.484161376953125,-0.6020222052235006
1211,W-/Z,8.754310607910156,0.10943492570095043
1212,W-/Z,26.216907501220703,-0.7193529260849779
1213,W-/Z,16.773151397705078,0.08733221335137487
1214,W-/Z,21.46973419189453,-0.0625574008506089
1215,W-/Z,22.154823303222656,0.41109441427195503
1216,W-/Z,18.989519119262695,0.4417080145179684
1217,W-/Z,39.616939544677734,0.11586815839468989
1218,W-/Z,40.97716522216797,-1.0388748743192417
1219,W-/Z,63.145172119140625,-0.48894499814777115
1220,W-/Z,20.366106033325195,1.2926685015352066
1221,W-/Z,32.2977409362793,-0.1620896915201585
1222,W-/Z,30.732648849487305,-0.6410443386976512
1223,W-/Z,15.206127166748047,-0.9069141277133873
1224,W-/Z,32.857810974121094,-1.173800139545792
1225,W-/Z,67.49702453613281,0.3307425078406967
1226,W-/Z,26.110769271850586,-1.8132567810116869
1227,W-/Z,32.111576080322266,1.6872144980846033
1228,W-/Z,23.26263427734375,-1.2669164253137324
1229,W-/Z,41.30373001098633,2.757175907083338
1230,W-/Z,42.61975860595703,2.0555896161347844
1231,W-/Z,22.315412521362305,-1.2792122454062673
1232,W-/Z,41.037437438964844,-1.0229488364136035
1233,W-/Z,55.11204147338867,-2.249432069739222
1234,W-/Z,50.92388916015625,-0.938083578741332
1235,W-/Z,17.393224716186523,0.31775271992540177
1236,W-/Z,19.14626121520996,-0.29149184151453467
1237,W-/Z,38.4537353515625,-0.47412856799385983
1238,W-/Z,31.161924362182617,-0.843174255918867
1239,W-/Z,17.61847686767578,-2.2055079469572805
1240,W-/Z,16.664033889770508,-0.939253866493122
1241,W-/Z,72.80836486816406,3.2300844486552047
1242,W-/Z,12.555034637451172,1.776127189948598
1243,W-/Z,29.419816970825195,0.42249260696137336
1244,W-/Z,38.72962188720703,1.3961966164918187
1245,W-/Z,58.908504486083984,-2.1261481784375094
1246,W-/Z,18.441797256469727,0.752562205148356
1247,W-/Z,23.630504608154297,-2.7752614702934566
1248,W-/Z,34.90266799926758,0.22433406065962658
1249,W-/Z,27.66956901550293,-0.9321926796408629
1250,W-/Z,19.325551986694336,-1.099059551737485
1251,W-/Z,22.863039016723633,-0.35032114516642765
1252,W-/Z,16.073440551757812,1.254073718523344
1253,W-/Z,18.634063720703125,0.5687757262747207
1254,W-/Z,41.58502960205078,1.7122387742458058
1255,W-/Z,15.772891998291016,0.8374678378793226
1256,W-/Z,26.73186492919922,1.207555434757877
1257,W-/Z,40.916969299316406,0.8197657170382074
1258,W-/Z,21.83827018737793,-0.3423605125311791
1259,W-/Z,48.72813415527344,-0.40025373946472514
1260,W-/Z,20.919485092163086,0.36216653590046344
1261,W-/Z,53.516414642333984,-0.4232620691993534
1262,W-/Z,20.735071182250977,-0.16552204130749626
1263,W-/Z,4.898810863494873,-1.3782480695194033
1264,W-/Z,13.438328742980957,1.0091794392604996
1265,W-/Z,32.884788513183594,0.7571712606727588
1266,W-/Z,26.14027214050293,1.033654185369942
1267,W-/Z,15.791881561279297,0.18510558216010078
1268,W-/Z,17.850202560424805,-0.6122319129790323
1269,W-/Z,9.386176109313965,-2.329085796778573
1270,W-/Z,53.469200134277344,-1.5687721366718146
1271,W-/Z,25.646556854248047,1.0629763969320258
1272,W-/Z,28.879854202270508,-1.0334541851064363
1273,W-/Z,66.82786560058594,2.9535806371781983
1274,W-/Z,17.36713981628418,-2.1408530644376143
1275,W-/Z,42.18217086791992,-1.9288363924584124
1276,W-/Z,28.98167610168457,-0.2548143521024264
1277,W-/Z,46.89543533325195,0.2880917522244938
1278,W-/Z,39.51906204223633,-2.037745184637986
1279,W-/Z,25.324085235595703,-0.4162499375296209
1280,W-/Z,12.784601211547852,-1.3033059363284902
1281,W-/Z,42.14509582519531,-1.466327073814667
1282,W-/Z,36.43610382080078,2.4524212531177723
1283,W-/Z,16.6353816986084,-0.012165275174580215
1284,W-/Z,142.09805297851562,0.9357533106942186
1285,W-/Z,20.971736907958984,1.3135542752203042
1286,W-/Z,24.898590087890625,1.4934826474508842
1287,W-/Z,37.1348991394043,-1.0793264541094898
1288,W-/Z,32.37860870361328,-0.5970722041685792
1289,W-/Z,20.609481811523438,-2.1274599748092458
1290,W-/Z,43.822174072265625,-0.7831796991946154
1291,W-/Z,37.61484909057617,-0.8949439307527126
1292,W-/Z,51.101898193359375,-0.6919348595798067
1293,W-/Z,41.320682525634766,-3.1478564753742897
1294,W-/Z,8.607757568359375,-2.7527708753395617
1295,W-/Z,19.29062843322754,-1.05846808762447
1296,W-/Z,31.67746925354004,-0.8362295304290694
1297,W-/Z,29.93643569946289,-2.559486507907041
1298,W-/Z,88.90179443359375,-1.6446602131650803
1299,W-/Z,30.284826278686523,0.25551777970732037
1300,W-/Z,22.429914474487305,1.3700446846891605
1301,W-/Z,4.898615837097168,0.7797621032290452
1302,W-/Z,51.59613800048828,-0.48309149613310776
1303,W-/Z,11.530303955078125,-1.2598566703124385
1304,W-/Z,33.52792739868164,0.7027717261803754
1305,W-/Z,32.114112854003906,0.4484349790376556
1306,W-/Z,52.11427688598633,-0.8365796785381774
1307,W-/Z,18.911283493041992,0.6539606375834386
1308,W-/Z,23.913272857666016,-0.9720301090393071
1309,W-/Z,16.00468635559082,0.9535269382498046
1310,W-/Z,23.096755981445312,0.24244806039637823
1311,W-/Z,18.783170700073242,1.8825429089931118
1312,W-/Z,15.665180206298828,-1.346742116024715
1313,W-/Z,37.21186828613281,0.06917315080801412
1314,W-/Z,16.2796573638916,-0.45257033462029506
1315,W-/Z,15.598759651184082,0.21339507722767892
1316,W-/Z,73.67281341552734,0.8391471328638893
1317,W-/Z,23.64887237548828,0.3603011481177964
1318,W-/Z,35.91124725341797,-2.0107704474447163
1319,W-/Z,20.564735412597656,-1.8338644221710556
1320,W-/Z,20.92921257019043,-1.0077625666142518
1321,W-/Z,48.40052032470703,-0.5037954545356451
1322,W-/Z,34.35964584350586,-2.506967449673508
1323,W-/Z,47.72678756713867,2.983239627168296
1324,W-/Z,28.03822898864746,-0.6216467732715888
1325,W-/Z,15.322639465332031,0.9574234679110346
1326,W-/Z,61.47087097167969,-0.2921580019929054
1327,W-/Z,60.674442291259766,2.232461058243429
1328,W-/Z,30.959129333496094,0.3943554921477939
1329,W-/Z,22.61051368713379,0.5910361628912425
1330,W-/Z,36.44942092895508,0.379204405119731
1331,W-/Z,15.970537185668945,0.606127734358769
1332,W-/Z,48.73516845703125,2.5279717726111275
1333,W-/Z,29.327598571777344,-0.6636545962952586
1334,W-/Z,20.710023880004883,0.3263524577535252
1335,W-/Z,33.78030776977539,0.472292606348355
1336,W-/Z,28.767324447631836,-1.0467832081768607
1337,W-/Z,41.09556579589844,1.0923753788058943
1338,W-/Z,27.937053680419922,1.2814376357559243
1339,W-/Z,58.819366455078125,1.1077541796990356
1340,W-/Z,11.027301788330078,-2.185030209529559
1341,W-/Z,39.5203971862793,-2.8866007750734726
1342,W-/Z,42.12726593017578,0.5678988214967304
1343,W-/Z,92.5537109375,-0.8313855356378154
1344,W-/Z,31.972429275512695,0.8107346853487823
1345,W-/Z,16.67844009399414,-2.1212383587804045
1346,W-/Z,45.412322998046875,-2.1704730574360536
1347,W-/Z,40.968929290771484,0.817889990670535
1348,W-/Z,47.874446868896484,-2.7737442145001165
1349,W-/Z,43.89683151245117,2.290753760928169
1350,W-/Z,40.353973388671875,-1.5713016601655267
1351,W-/Z,27.881690979003906,-0.2752064415936331
1352,W-/Z,69.34794616699219,1.0827811119132806
1353,W-/Z,14.386897087097168,-1.4085836965672687
1354,W-/Z,13.869095802307129,-0.2543179732901101
1355,W-/Z,45.45081329345703,0.8446938652320071
1356,W-/Z,28.032407760620117,0.2872567147676423
1357,W-/Z,30.168315887451172,-1.1320472890672453
1358,W-/Z,19.429777145385742,0.6071029652586117
1359,W-/Z,23.80879020690918,0.7174884431524191
1360,W-/Z,24.229612350463867,0.4962995449193786
1361,W-/Z,22.374845504760742,-1.8297117285611395
1362,W-/Z,17.119386672973633,1.2737824904437884
1363,W-/Z,40.98116683959961,0.36301003601730764
1364,W-/Z,120.57066345214844,1.0290527903003466
1365,W-/Z,47.150882720947266,-1.907264342846604
1366,W-/Z,21.185840606689453,-1.1620261577380844
1367,W-/Z,19.06682586669922,1.30555706061133
1368,W-/Z,17.243377685546875,-2.3113964249469103
1369,W-/Z,21.427425384521484,-1.5017541676402237
1370,W-/Z,32.47077178955078,0.8980999997910663
1371,W-/Z,14.284971237182617,0.6644546415282911
1372,W-/Z,36.807430267333984,-2.5086718740366325
1373,W-/Z,8.826850891113281,-0.8871749203969032
1374,W-/Z,58.41409683227539,-2.2769724772381608
1375,W-/Z,31.970834732055664,-2.602891645089233
1376,W-/Z,29.192569732666016,-0.8483173035394119
1377,W-/Z,46.88958740234375,-0.29194343470703965
1378,W-/Z,37.05635452270508,0.4157883572726175
1379,W-/Z,23.257192611694336,-0.7732324276089677
1380,W-/Z,20.687889099121094,-0.008795882812726252
1381,W-/Z,21.010147094726562,-2.1524653942350547
1382,W-/Z,9.837772369384766,-0.2216296193033876
1383,W-/Z,46.523494720458984,0.4811416368083901
1384,W-/Z,22.553205490112305,-0.384132640339286
1385,W-/Z,32.86255645751953,-0.7998395750029965
1386,W-/Z,67.38993072509766,-0.31826392653689595
1387,W-/Z,35.92075729370117,0.4227682174928096
1388,W-/Z,33.8015022277832,0.052790346242487574
1389,W-/Z,21.62120246887207,0.04747162096162272
1390,W-/Z,34.7315673828125,-0.35814326571994437
1391,W-/Z,17.82712173461914,0.43428446047124963
1392,W-/Z,43.120121002197266,-0.36717014356908806
1393,W-/Z,16.6732120513916,0.26166976288599963
1394,W-/Z,22.19046974182129,-1.0979227536192548
1395,W-/Z,24.82782554626465,-1.5265654496194667
1396,W-/Z,27.518726348876953,0.36480100008412497
1397,W-/Z,72.0107421875,0.5474542637349562
1398,W-/Z,30.33353614807129,-1.64371592739659
1399,W-/Z,10.981291770935059,-1.0878295389716972
1400,W-/Z,52.571022033691406,0.913003286549635
1401,W-/Z,30.030742645263672,-1.4336530040041469
1402,W-/Z,38.97123718261719,-0.03933462489216111
1403,W-/Z,42.124168395996094,0.7623151594655833
1404,W-/Z,21.3210506439209,-0.8767161110434397
1405,W-/Z,22.77326011657715,-1.448140124040722
1406,W-/Z,15.305354118347168,-1.394672327571328
1407,W-/Z,20.846834182739258,-2.259098466540905
1408,W-/Z,29.6864013671875,-0.6437731586806813
1409,W-/Z,22.495241165161133,0.6973220382308369
1410,W-/Z,42.52350997924805,-0.18247777618883387
1411,W-/Z,26.352375030517578,-0.7361130454310265
1412,W-/Z,32.23220443725586,0.60895499166983
1413,W-/Z,57.20964813232422,2.6848779275922174
1414,W-/Z,22.08380126953125,-0.282020040123216
1415,W-/Z,36.32976150512695,-0.23575224752000068
1416,W-/Z,30.5405216217041,1.4196062054891243
1417,W-/Z,27.527170181274414,0.9362229506145907
1418,W-/Z,26.33638572692871,1.5671149993808005
1419,W-/Z,29.9115047454834,-0.5853725964774489
1420,W-/Z,13.472761154174805,-1.4483903961500353
1421,W-/Z,22.39779281616211,0.4974992601446576
1422,W-/Z,27.275236129760742,1.1422878587176053
1423,W-/Z,25.58953094482422,0.3477884443204786
1424,W-/Z,41.011741638183594,0.16854175638695484
1425,W-/Z,11.81014633178711,0.4400308207328737
1426,W-/Z,59.52382278442383,0.7717733562520535
1427,W-/Z,29.822505950927734,1.0765811274760828
1428,W-/Z,35.426002502441406,0.7159705962767324
1429,W-/Z,24.776790618896484,-2.6451676193962212
1430,W-/Z,23.608108520507812,-0.8920325633540666
1431,W-/Z,31.056320190429688,2.0814974706940723
1432,W-/Z,26.559728622436523,-0.2871871670275363
1433,W-/Z,67.6908950805664,-2.981057758109909
1434,W-/Z,26.31175994873047,2.545275156784483
1435,W-/Z,10.46826457977295,-2.138146405114831
1436,W-/Z,29.982328414916992,-2.3636583871739734
1437,W-/Z,20.01093864440918,-1.5243610279682498
1438,W-/Z,31.590776443481445,1.1503347834692734
1439,W-/Z,18.58766746520996,-0.4170705528892571
1440,W-/Z,35.25541305541992,-1.3841994837497968
1441,W-/Z,31.347034454345703,-0.47708795046396485
1442,W-/Z,45.991600036621094,0.5203025484729467
1443,W-/Z,16.084474563598633,0.9292904117843918
1444,W-/Z,28.019054412841797,-2.1381160474530216
1445,W-/Z,16.648134231567383,-0.6973906225436634
1446,W-/Z,29.6641788482666,-1.1189760173412524
1447,W-/Z,28.00868797302246,-2.219862726435878
1448,W-/Z,14.727984428405762,0.02224136211409089
1449,W-/Z,23.40802001953125,0.6027749968250017
1450,W-/Z,2.5715434551239014,0.5411997984743395
1451,W-/Z,20.28729248046875,-2.4964774449233884
1452,W-/Z,25.302413940429688,0.9887824302374361
1453,W-/Z,23.127107620239258,-0.11336113317329305
1454,W-/Z,29.852874755859375,-0.13374082030018758
1455,W-/Z,15.939887046813965,-1.6030036940174763
1456,W-/Z,23.447572708129883,0.8707336168991697
1457,W-/Z,23.754140853881836,0.5819859276070642
1458,W-/Z,32.977760314941406,-0.7367251549287431
1459,W-/Z,17.10974884033203,0.5095507553939499
1460,W-/Z,20.236913681030273,0.2023285556551626
1461,W-/Z,24.65380859375,-1.3888811087790502
1462,W-/Z,41.045265197753906,-1.175820591713201
1463,W-/Z,25.891117095947266,-1.404058527188019
1464,W-/Z,15.601386070251465,-0.6227669528835806
1465,W-/Z,36.51493453979492,0.8499969013030655
1466,W-/Z,32.9152946472168,0.15575944294676541
1467,W-/Z,26.898805618286133,-1.0253417327992924
1468,W-/Z,29.30014991760254,0.1732819594995465
1469,W-/Z,49.997352600097656,-0.41214290118661984
1470,W-/Z,19.476947784423828,-1.002523859570763
1471,W-/Z,8.872993469238281,-1.4184397069819417
1472,W-/Z,19.509479522705078,-1.664952933441073
1473,W-/Z,14.279577255249023,0.1760231475297035
1474,W-/Z,48.281002044677734,1.010479711910152
1475,W-/Z,49.03965377807617,-0.050786779074862176
1476,W-/Z,26.709192276000977,-0.6482540652221572
1477,W-/Z,20.407012939453125,0.26417443862114476
1478,W-/Z,27.79062271118164,1.153385838652646
1479,W-/Z,18.26275062561035,0.951336911342676
1480,W-/Z,24.075349807739258,0.9913255181579733
1481,W-/Z,13.156876564025879,-0.09298315958618941
1482,W-/Z,24.35923957824707,-1.271360499716532
1483,W-/Z,7.722498893737793,-1.4945780410558012
1484,W-/Z,47.24211120605469,-0.7265093177345756
1485,W-/Z,48.18016052246094,-1.455125745571547
1486,W-/Z,34.44636154174805,-1.9734937591688024
1487,W-/Z,57.4429817199707,-0.27512341555230807
1488,W-/Z,22.818660736083984,-0.9742663110449217
1489,W-/Z,39.0717887878418,-1.784327466977313
1490,W-/Z,54.53065872192383,-0.7877195986804861
1491,W-/Z,18.096559524536133,-0.30472181820079436
1492,W-/Z,17.404834747314453,0.06713038976930041
1493,W-/Z,41.62947082519531,-0.13861358610481678
1494,W-/Z,17.23611831665039,-0.3646392487350947
1495,W-/Z,29.527446746826172,-1.4582698903252191
1496,W-/Z,36.064537048339844,-2.284488851449753
1497,W-/Z,21.963274002075195,0.16419605300536022
1498,W-/Z,7.373805999755859,-1.554314824247315
1499,W-/Z,19.050710678100586,-0.5339471416671333
1500,W-/Z,35.16666030883789,-2.4429764075666895
1501,W-/Z,22.734487533569336,-0.8969997735026308
1502,W-/Z,44.54399108886719,-3.3251874377956896
1503,W-/Z,49.545372009277344,1.2348966156991052
1504,W-/Z,26.40889549255371,0.9311436355282846
1505,W-/Z,24.84707260131836,-1.282747160667161
1506,W-/Z,49.555728912353516,-0.2241411468532888
1507,W-/Z,78.97554779052734,-1.7251150427752877
1508,W-/Z,52.914588928222656,0.19596139384421907
1509,W-/Z,17.227638244628906,0.8445984449352897
1510,W-/Z,29.354700088500977,0.40703375659836954
1511,W-/Z,27.76526641845703,0.32164765124040073
1512,W-/Z,27.744112014770508,-1.3844010659312582
1513,W-/Z,13.82232666015625,0.059974655418080114
1514,W-/Z,27.94831657409668,0.5297420383060278
1515,W-/Z,17.772377014160156,-0.6157608133529654
1516,W-/Z,40.120086669921875,1.6243825269159573
1517,W-/Z,25.97669792175293,-0.5566051793083472
1518,W-/Z,23.974720001220703,-0.601136960580452
1519,W-/Z,18.000268936157227,-1.57143846230935
1520,W-/Z,34.749755859375,1.5732260760680337
1521,W-/Z,50.81597137451172,-0.8120010459579909
1522,W-/Z,12.148270606994629,-0.31091115649075074
1523,W-/Z,14.347925186157227,1.084713779517986
1524,W-/Z,71.73701477050781,1.2046325143818983
1525,W-/Z,51.844093322753906,0.49778853990463057
1526,W-/Z,74.94078063964844,-2.011293152494761
1527,W-/Z,17.607440948486328,0.4405000074188482
1528,W-/Z,12.07687759399414,-1.3216019177273293
1529,W-/Z,13.968255996704102,-0.616679521013801
1530,W-/Z,39.04672622680664,-0.869866318302692
1531,W-/Z,27.316974639892578,-1.9443954836409514
1532,W-/Z,7.551063060760498,0.8277076186362202
1533,W-/Z,30.982646942138672,0.38152522613349293
1534,W-/Z,15.204780578613281,0.139739845182969
1535,W-/Z,21.78794288635254,-0.5148407199288145
1536,W-/Z,9.797595024108887,1.6734449406635732
1537,W-/Z,16.90579605102539,-0.9255369951170043
1538,W-/Z,43.23639678955078,-1.6010980820061156
1539,W-/Z,31.1136417388916,-0.11478623216551653
1540,W-/Z,14.068428993225098,-1.2906474529486167
1541,W-/Z,22.144296646118164,2.088841947315925
1542,W-/Z,36.34095001220703,-0.09196856670574183
1543,W-/Z,62.3222770690918,-0.7328337342322393
1544,W-/Z,43.57490539550781,-0.452373619814076
1545,W-/Z,37.31184768676758,-0.2953511777487298
1546,W-/Z,11.086690902709961,1.0167517302923912
1547,W-/Z,24.101486206054688,-1.0256116531881845
1548,W-/Z,87.18958282470703,-0.5025828319753478
1549,W-/Z,53.6938591003418,-1.4027194722677805
1550,W-/Z,19.315509796142578,2.9500932831674143
1551,W-/Z,18.685871124267578,-0.0174612150276362
1552,W-/Z,16.36561393737793,-0.342244503775951
1553,W-/Z,16.485462188720703,0.6772963639916201
1554,W-/Z,28.504676818847656,1.415619427183348
1555,W-/Z,25.58374786376953,0.7577260137460584
1556,W-/Z,18.36155128479004,-0.3416019260498869
1557,W-/Z,32.83491516113281,1.1146253366640648
1558,W-/Z,20.58684539794922,-1.9373953646840105
1559,W-/Z,13.723441123962402,-2.2560008321542266
1560,W-/Z,9.248048782348633,-0.828473889875716
1561,W-/Z,36.923118591308594,-0.9896391939365128
1562,W-/Z,26.574411392211914,1.227408253178781
1563,W-/Z,72.74310302734375,-0.8598518172891819
1564,W-/Z,54.4145622253418,0.5088806274682226
1565,W-/Z,25.397626876831055,-1.3216426684580855
1566,W-/Z,21.276872634887695,-0.6941040217320064
1567,W-/Z,7.940101146697998,-0.3706812354226454
1568,W-/Z,70.53799438476562,-1.3451525449614605
1569,W-/Z,33.1136360168457,-3.2728163641122845
1570,W-/Z,18.362607955932617,0.39879903441594267
1571,W-/Z,40.04353332519531,-2.1016886738507137
1572,W-/Z,19.29547691345215,0.329819218110474
1573,W-/Z,21.99460792541504,0.6530191687657998
1574,W-/Z,36.79074478149414,-1.214331580677975
1575,W-/Z,18.109899520874023,-1.1830149004569992
1576,W-/Z,22.81298065185547,0.9592134042581342
1577,W-/Z,31.73773956298828,-0.5425270792043678
1578,W-/Z,21.92572784423828,-0.48734652323687455
1579,W-/Z,19.86994743347168,-3.1690960613722643
1580,W-/Z,27.304161071777344,1.155595025924264
1581,W-/Z,58.28269958496094,0.5580153541149144
1582,W-/Z,38.216957092285156,1.2351300249174209
1583,W-/Z,76.04602813720703,-1.5189925465100647
1584,W-/Z,38.64897537231445,0.36826398591873033
1585,W-/Z,40.80669021606445,-0.9755437304330281
1586,W-/Z,10.795554161071777,0.8672153412474415
1587,W-/Z,58.22117233276367,-1.0723408184761531
1588,W-/Z,32.5233268737793,-0.4500423136597989
1589,W-/Z,10.491561889648438,-2.4586393672329176
1590,W-/Z,24.479393005371094,-1.0690356410377952
1591,W-/Z,16.676246643066406,-1.068480633491778
1592,W-/Z,28.435823440551758,0.2776754346205289
1593,W-/Z,21.662927627563477,0.421203625840859
1594,W-/Z,41.120487213134766,-1.4856959660862001
1595,W-/Z,35.440738677978516,-1.9252104538748145
1596,W-/Z,10.449991226196289,-0.6922788348578297
1597,W-/Z,27.778589248657227,-0.513409497037128
1598,W-/Z,38.721744537353516,-0.6692070159138586
1599,W-/Z,29.957103729248047,-0.584214774481604
1600,W-/Z,25.756757736206055,-1.8459423302034557
1601,W-/Z,15.983132362365723,1.3549280583615817
1602,W-/Z,44.07256317138672,-1.6582254485824601
1603,W-/Z,46.2746696472168,-1.6333886160946904
1604,W-/Z,46.021400451660156,1.2452862483592453
1605,W-/Z,49.923248291015625,-0.9691132537290481
1606,W-/Z,66.03520202636719,-0.11840175437076061
1607,W-/Z,68.82669830322266,0.6853741452015792
1608,W-/Z,32.31864547729492,-2.1122650515571806
1609,W-/Z,25.039466857910156,0.3069098679952431
1610,W-/Z,23.574344635009766,-3.125575385602327
1611,W-/Z,47.29521179199219,0.4544760509382596
1612,W-/Z,37.499755859375,0.8688594173255256
1613,W-/Z,33.81623458862305,0.27132521953903616
1614,W-/Z,25.922210693359375,1.3478171495490863
1615,W-/Z,35.542457580566406,1.1359910949127818
1616,W-/Z,25.570234298706055,-0.2882396231599101
1617,W-/Z,24.79421043395996,-0.5195019599186711
1618,W-/Z,15.296467781066895,0.29058729301586994
1619,W-/Z,24.86992645263672,0.44846183521593475
1620,W-/Z,15.8456449508667,-0.7148043857824715
1621,W-/Z,9.76537799835205,-1.1172712941039673
1622,W-/Z,78.81007385253906,-1.6544479501849905
1623,W-/Z,34.19549560546875,-2.554324864105916
1624,W-/Z,39.471988677978516,-0.993268086282416
1625,W-/Z,24.269851684570312,-0.965678089379305
1626,W-/Z,19.057891845703125,0.6523844311127928
1627,W-/Z,10.13383960723877,-0.03377223475101143
1628,W-/Z,26.839895248413086,-0.805862828994822
1629,W-/Z,12.683335304260254,-0.7027189624470088
1630,W-/Z,22.506698608398438,-0.4911444228181685
1631,W-/Z,18.130399703979492,0.6538391633276073
1632,W-/Z,25.934711456298828,1.5830349629550906
1633,W-/Z,26.633024215698242,-2.333945250102352
1634,W-/Z,27.362655639648438,1.2178266210712332
1635,W-/Z,45.696868896484375,0.3782216047451298
1636,W-/Z,99.11905670166016,-0.28771452905122014
1637,W-/Z,43.09489822387695,-1.798862405322128
1638,W-/Z,66.5846176147461,-0.2709032027421653
1639,W-/Z,57.79624557495117,-1.5335902131599553
1640,W-/Z,78.40409088134766,-1.1415055840093156
1641,W-/Z,64.32284545898438,-1.7750981028153832
1642,W-/Z,38.22529220581055,0.7632004320811588
1643,W-/Z,26.009218215942383,-1.5323995435251172
1644,W-/Z,19.769559860229492,-0.24515816032191184
1645,W-/Z,54.61982345581055,-1.2237026524854415
1646,W-/Z,16.964550018310547,-0.12421112903104836
1647,W-/Z,44.20766067504883,-0.803291136015126
1648,W-/Z,22.476024627685547,-0.6028237812680208
1649,W-/Z,15.600655555725098,-2.167306498283626
1650,W-/Z,18.014644622802734,3.317484675984856
1651,W-/Z,44.02327346801758,0.3756353369569552
1652,W-/Z,38.19725799560547,-0.5184755230380884
1653,W-/Z,31.07080841064453,0.66729116415925
1654,W-/Z,89.74488067626953,0.95143245167543
1655,W-/Z,38.78121566772461,-0.8555460084554289
1656,W-/Z,30.511865615844727,-0.025139303229798904
1657,W-/Z,87.38783264160156,0.4472041950277531
1658,W-/Z,11.671485900878906,-1.0767679056716837
1659,W-/Z,25.701295852661133,0.536337830399682
1660,W-/Z,24.223344802856445,0.7853597664900205
1661,W-/Z,37.19021224975586,-0.31782325991895766
1662,W-/Z,29.980865478515625,-0.32184078352043877
1663,W-/Z,100.5848159790039,1.113099929926969
1664,W-/Z,13.640328407287598,-0.6636228693786946
1665,W-/Z,15.516945838928223,-1.0925296504883673
1666,W-/Z,26.35101890563965,1.4099786327992714
1667,W-/Z,41.1715087890625,0.38223923020319506
1668,W-/Z,28.31159782409668,-0.12144181385294939
1669,W-/Z,27.749818801879883,-0.28936561444291814
1670,W-/Z,28.896995544433594,0.6738837624058178
1671,W-/Z,72.97062683105469,-3.580478235621642
1672,W-/Z,15.441765785217285,1.3399431667884003
1673,W-/Z,31.962596893310547,-1.0367126124336128
1674,W-/Z,20.530269622802734,-1.0730149804471472
1675,W-/Z,37.09700393676758,-1.011764119796803
1676,W-/Z,77.55836486816406,-0.9090358434392464
1677,W-/Z,30.266538619995117,-1.4715393457789592
1678,W-/Z,21.741424560546875,2.9466223993599217
1679,W-/Z,18.1669979095459,-0.7862241079485577
1680,W-/Z,58.51065444946289,-1.5010651176451213
1681,W-/Z,46.41533660888672,0.6959544868483658
1682,W-/Z,9.278000831604004,-0.27972816390119704
1683,W-/Z,32.57034683227539,-0.46694505527615526
1684,W-/Z,71.46450805664062,-0.40796887856962805
1685,W-/Z,35.50617980957031,0.5412115986356365
1686,W-/Z,27.103160858154297,-1.3107184831351844
1687,W-/Z,54.521827697753906,-1.3895786248553859
1688,W-/Z,159.37091064453125,0.522333928684299
1689,W-/Z,47.502532958984375,-0.709317154227065
1690,W-/Z,15.989950180053711,0.11357559647330207
1691,W-/Z,17.724891662597656,0.5014715664841136
1692,W-/Z,17.613101959228516,0.8069532088496189
1693,W-/Z,18.06954002380371,0.6744573203208257
1694,W-/Z,35.7205696105957,1.1645492515288451
1695,W-/Z,27.54674530029297,-0.07581515641702163
1696,W-/Z,44.56922149658203,-1.552632640498243
1697,W-/Z,36.79511260986328,-3.9788377228531098
1698,W-/Z,22.754772186279297,-1.178514093589248
1699,W-/Z,33.14027404785156,-1.6944557277572563
1700,W-/Z,36.35417938232422,-0.6374538587137528
1701,W-/Z,12.299117088317871,1.1729184089210574
1702,W-/Z,30.793508529663086,-1.2713702756734286
1703,W-/Z,29.01556396484375,-1.0962442410913746
1704,W-/Z,44.18942642211914,-0.5250744898719311
1705,W-/Z,40.725341796875,0.20079919209207775
1706,W-/Z,30.382099151611328,-2.2521788784902563
1707,W-/Z,18.4281063079834,-0.15940105355034973
1708,W-/Z,35.143760681152344,0.8961990499810837
1709,W-/Z,21.023653030395508,1.1791147417479846
1710,W-/Z,29.414121627807617,-1.8231254911157753
1711,W-/Z,41.17972946166992,-1.487824958295743
1712,W-/Z,10.68122386932373,-1.7522839269282047
1713,W-/Z,36.09782409667969,-2.2271032777063065
1714,W-/Z,42.33782958984375,0.35544804591964907
1715,W-/Z,42.537601470947266,-2.2673232692548506
1716,W-/Z,17.362123489379883,-1.9338029874633382
1717,W-/Z,29.52316665649414,0.7486316081516973
1718,W-/Z,32.143463134765625,0.7263252623388801
1719,W-/Z,22.955440521240234,-0.1415983446709454
1720,W-/Z,14.563441276550293,-1.347501467093718
1721,W-/Z,37.099021911621094,-0.9084490599153063
1722,W-/Z,34.46106719970703,-1.527713991674515
1723,W-/Z,15.833288192749023,0.18446541091274704
1724,W-/Z,18.400745391845703,0.22626331282119944
1725,W-/Z,15.882187843322754,-3.5957343610086405
1726,W-/Z,9.67510986328125,-0.5658917317954517
1727,W-/Z,39.32443618774414,-2.3444125270375022
1728,W-/Z,31.880489349365234,2.707521961480354
1729,W-/Z,13.570780754089355,-0.18686876090573606
1730,W-/Z,19.211963653564453,-0.5151716561966722
1731,W-/Z,18.224763870239258,-1.7501974739129356
1732,W-/Z,45.33997344970703,0.4411412741241154
1733,W-/Z,6.785857200622559,-1.5221647495615542
1734,W-/Z,24.814725875854492,-0.26873508975434773
1735,W-/Z,96.81183624267578,-1.0675938478076348
1736,W-/Z,46.08610534667969,-1.2069064648161865
1737,W-/Z,103.65933227539062,0.6465861081749347
1738,W-/Z,41.18311309814453,0.43583736442061755
1739,W-/Z,22.220949172973633,1.3916142709532275
1740,W-/Z,31.171592712402344,0.3026859058372068
1741,W-/Z,33.76824951171875,-1.0625666431422451
1742,W-/Z,19.80536651611328,-2.5207435734875125
1743,W-/Z,13.563583374023438,0.3513348526523795
1744,W-/Z,39.29912567138672,-0.3858276557466633
1745,W-/Z,26.988319396972656,-1.2028102799587872
1746,W-/Z,25.962018966674805,0.22774176116520928
1747,W-/Z,29.423376083374023,-4.338593452549994
1748,W-/Z,30.173351287841797,0.08138441328715618
1749,W-/Z,13.502020835876465,2.8380285167621584
1750,W-/Z,30.799564361572266,-1.322360920598167
1751,W-/Z,53.61772537231445,0.5491194660931662
1752,W-/Z,22.08830451965332,0.8696716265632627
1753,W-/Z,28.909305572509766,-2.0369632644715425
1754,W-/Z,30.199371337890625,-0.31054400291684486
1755,W-/Z,46.268463134765625,-0.2658378619370999
1756,W-/Z,29.534793853759766,1.9744644502819524
1757,W-/Z,20.115005493164062,-0.39117577893388245
1758,W-/Z,27.117334365844727,-1.521356831455007
1759,W-/Z,49.04383850097656,2.4085281480955465
1760,W-/Z,26.30510711669922,-1.844618584136342
1761,W-/Z,33.41189956665039,-3.2359979614531786
1762,W-/Z,23.323667526245117,-0.47583523752701495
1763,W-/Z,37.531341552734375,-2.247320771502419
1764,W-/Z,36.40243911743164,-1.574506562692528
1765,W-/Z,58.17271423339844,-3.410035462353488
1766,W-/Z,51.10166931152344,-1.2181571752719051
1767,W-/Z,32.79428482055664,0.05998886468524367
1768,W-/Z,15.396374702453613,-0.07075098337150532
1769,W-/Z,47.215415954589844,-0.37245760177952425
1770,W-/Z,101.12340545654297,2.0700103962645664
1771,W-/Z,78.45634460449219,-0.12331750151785598
1772,W-/Z,22.779624938964844,-0.7126258144718441
1773,W-/Z,24.237409591674805,-0.14761568849203688
1774,W-/Z,14.508647918701172,0.8457728925728476
1775,W-/Z,25.879831314086914,-1.9425833399386516
1776,W-/Z,12.994528770446777,-1.961730045970039
1777,W-/Z,23.399986267089844,0.6929740067669699
1778,W-/Z,18.81942367553711,-0.14114125174346304
1779,W-/Z,35.37299346923828,1.0670703792775402
1780,W-/Z,42.511478424072266,0.17657393613779715
1781,W-/Z,8.955680847167969,-1.332787672378406
1782,W-/Z,25.39923858642578,-0.04004900846441284
1783,W-/Z,36.99006271362305,-3.6162685501448517
1784,W-/Z,37.22568893432617,0.8817389623641653
1785,W-/Z,17.963106155395508,-0.82103107242524
1786,W-/Z,50.22386169433594,-0.3598452318338306
1787,W-/Z,19.73688316345215,-1.2147500280808101
1788,W-/Z,22.624116897583008,-0.1191467478908182
1789,W-/Z,52.34115219116211,1.4947425832641266
1790,W-/Z,16.595077514648438,0.5923121829519088
1791,W-/Z,11.824421882629395,0.7233775154940307
1792,W-/Z,37.631343841552734,1.0675695597992365
1793,W-/Z,38.03334045410156,-0.743542383827483
1794,W-/Z,33.313575744628906,-1.0321709068505245
1795,W-/Z,22.01634979248047,-0.5446322191778912
1796,W-/Z,27.86661720275879,1.7711002419144337
1797,W-/Z,20.354000091552734,-2.502232462093818
1798,W-/Z,19.757980346679688,-0.21706454723197943
1799,W-/Z,30.3380126953125,-1.1912463084585294
1800,W-/Z,73.7984390258789,2.3472324799879947
1801,W-/Z,25.209632873535156,0.6230695366754955
1802,W-/Z,46.919429779052734,-0.07864939635063778
1803,W-/Z,75.944091796875,-0.9945429761435356
1804,W-/Z,18.96088218688965,0.31884041595683055
1805,W-/Z,25.13056755065918,0.2279792825104403
1806,W-/Z,13.239152908325195,1.1058310484460174
1807,W-/Z,33.75364685058594,0.23110326448159635
1808,W-/Z,61.14815902709961,1.4354314920013276
1809,W-/Z,18.422266006469727,0.6015198292655684
1810,W-/Z,12.262773513793945,-0.31041702303245944
1811,W-/Z,12.05320930480957,-0.47749421282573046
1812,W-/Z,22.429656982421875,-1.9368297614010723
1813,W-/Z,18.24578285217285,1.6537691578390086
1814,W-/Z,24.32962417602539,1.047796354943463
1815,W-/Z,11.819208145141602,0.7045375265756675
1816,W-/Z,17.413137435913086,-0.40507400105032165
1817,W-/Z,36.956275939941406,0.7494936987010111
1818,W-/Z,40.62984085083008,1.2489407805353128
1819,W-/Z,35.73054122924805,-1.4420264680864643
1820,W-/Z,16.655471801757812,1.0056806413699584
1821,W-/Z,93.75182342529297,1.2579544547084325
1822,W-/Z,36.4842414855957,-0.18707604212446682
1823,W-/Z,37.886436462402344,0.7418059062331133
1824,W-/Z,62.72923278808594,-0.11011882743556045
1825,W-/Z,75.57575988769531,-0.281220758627594
1826,W-/Z,44.52581787109375,1.4155039880872624
1827,W-/Z,30.395751953125,0.9483041298479711
1828,W-/Z,16.899560928344727,-0.871359076762806
1829,W-/Z,31.607492446899414,-1.7489984674222057
1830,W-/Z,64.73089599609375,-0.8760212022632786
1831,W-/Z,41.206504821777344,0.05568028949394943
1832,W-/Z,41.87690353393555,1.9497387711874792
1833,W-/Z,57.287620544433594,-0.288441088220294
1834,W-/Z,84.29097747802734,2.4621965462929714
1835,W-/Z,29.7854061126709,0.03426851059505309
1836,W-/Z,24.137752532958984,-0.029146787565692
1837,W-/Z,18.14339256286621,0.7956186157876538
1838,W-/Z,22.615394592285156,-0.6549112096475529
1839,W-/Z,46.89471435546875,-1.7865185981356069
1840,W-/Z,16.874649047851562,-0.15257781159578626
1841,W-/Z,13.591776847839355,-1.7627259658839516
1842,W-/Z,42.127445220947266,-3.864370269753311
1843,W-/Z,25.371753692626953,0.9141781363048747
1844,W-/Z,10.502894401550293,-1.9046351158313897
1845,W-/Z,22.141185760498047,2.5993722459645454
1846,W-/Z,32.7639045715332,1.6157753112432487
1847,W-/Z,53.68441390991211,1.6323062998242315
1848,W-/Z,54.88558578491211,-1.0948308649491367
1849,W-/Z,37.75065612792969,-0.11234973751728483
1850,W-/Z,25.03095817565918,-1.9350420561927966
1851,W-/Z,55.398929595947266,1.4912802168883854
1852,W-/Z,10.79771900177002,0.7488794513535185
1853,W-/Z,28.115291595458984,-0.3880880252510751
1854,W-/Z,19.675518035888672,0.8073217260511418
1855,W-/Z,19.689409255981445,-1.6192691475777128
1856,W-/Z,45.03168869018555,-0.16417256807420794
1857,W-/Z,37.31236267089844,-0.1141400711447409
1858,W-/Z,71.05154418945312,-0.38948013358564193
1859,W-/Z,36.66324996948242,0.004220730610212553
1860,W-/Z,26.204683303833008,1.248067571468685
1861,W-/Z,32.29012680053711,-0.17840975595870068
1862,W-/Z,40.619903564453125,-0.2607252928682169
1863,W-/Z,42.01953887939453,2.4376544344539917
1864,W-/Z,30.221920013427734,-0.600882538195569
1865,W-/Z,33.55572509765625,-1.7425195236633804
1866,W-/Z,24.543888092041016,0.5300576862840332
1867,W-/Z,39.76263427734375,0.315307123423313
1868,W-/Z,54.550750732421875,-0.5140220888760958
1869,W-/Z,51.091766357421875,0.4046926451443843
1870,W-/Z,63.79225158691406,-0.8517758326597242
1871,W-/Z,75.208740234375,-0.45056670117204234
1872,W-/Z,50.14562225341797,0.7015228332807651
1873,W-/Z,19.537580490112305,-0.9112253228500089
1874,W-/Z,60.33213806152344,-0.7617724325085546
1875,W-/Z,65.8469009399414,-0.6186990893588797
1876,W-/Z,49.75905227661133,-0.6946923358581645
1877,W-/Z,13.404793739318848,-0.46769432630061736
1878,W-/Z,27.135377883911133,1.3275227481963756
1879,W-/Z,27.86309051513672,-0.09360616667850952
1880,W-/Z,32.4730110168457,-0.9667434589212052
1881,W-/Z,49.07994079589844,1.1988139450731172
1882,W-/Z,18.83394432067871,1.3680274036051676
1883,W-/Z,24.885507583618164,-3.274854016695647
1884,W-/Z,20.513731002807617,1.7769224390155287
1885,W-/Z,23.226428985595703,-0.1918260728784666
1886,W-/Z,81.96340942382812,1.5527918248583026
1887,W-/Z,82.28003692626953,0.9019541330963933
1888,W-/Z,22.45144271850586,0.8155701519756486
1889,W-/Z,23.86658477783203,-0.6142060646276262
1890,W-/Z,23.73535919189453,-0.223266368071531
1891,W-/Z,95.3188247680664,-1.3083472308024509
1892,W-/Z,60.01062774658203,1.3702497833555398
1893,W-/Z,31.79282569885254,-0.12974326122467106
1894,W-/Z,17.583654403686523,0.05374959171745475
1895,W-/Z,12.555601119995117,-2.062095041785283
1896,W-/Z,16.193918228149414,-0.24871959484313227
1897,W-/Z,54.47555923461914,0.005548966490760976
1898,W-/Z,26.24952507019043,-0.7772462691975199
1899,W-/Z,30.60776138305664,0.8229790253859103
1900,W-/Z,18.877147674560547,-3.662321405868992
1901,W-/Z,26.755126953125,-0.7927050214791354
1902,W-/Z,27.119396209716797,-0.3670721522251833
1903,W-/Z,22.479839324951172,0.7163445703215227
1904,W-/Z,28.345333099365234,2.408993311819004
1905,W-/Z,32.36299514770508,0.04509349539620294
1906,W-/Z,10.918188095092773,-1.0533632799852717
1907,W-/Z,25.667604446411133,0.3649691678731735
1908,W-/Z,36.345638275146484,-0.6206517306130631
1909,W-/Z,34.44196319580078,-1.49605691549938
1910,W-/Z,21.71283721923828,0.1159845553632583
1911,W-/Z,21.189844131469727,1.2681343170666008
1912,W-/Z,20.156782150268555,-0.9784304311532213
1913,W-/Z,4.493988037109375,-0.6339095070365257
1914,W-/Z,29.18312644958496,-3.042154730223992
1915,W-/Z,77.68608856201172,-3.297191954716762
1916,W-/Z,16.353803634643555,0.9035763300747027
1917,W-/Z,61.799835205078125,2.2020139772894103
1918,W-/Z,53.28514099121094,-0.8154967641346421
1919,W-/Z,34.03110885620117,1.1981502732096017
1920,W-/Z,50.8458251953125,2.1096447410136148
1921,W-/Z,14.948914527893066,-0.11959817827984498
1922,W-/Z,56.085853576660156,-1.1868530490002325
1923,W-/Z,42.297584533691406,-0.2307956894567117
1924,W-/Z,37.545955657958984,-1.8406498383035137
1925,W-/Z,22.327592849731445,1.029494625820825
1926,W-/Z,31.142675399780273,-1.4716186848025896
1927,W-/Z,80.24314880371094,-0.26572783329110655
1928,W-/Z,67.64836883544922,0.3595242566170421
1929,W-/Z,68.17659759521484,1.1349360062038096
1930,W-/Z,38.484092712402344,-1.0473463246709542
1931,W-/Z,16.69216537475586,-1.0724553012002624
1932,W-/Z,21.846202850341797,-0.4665126218504082
1933,W-/Z,12.424459457397461,-0.9804910229981174
1934,W-/Z,18.375469207763672,-1.1626536204794218
1935,W-/Z,10.657244682312012,0.7373525992564923
1936,W-/Z,125.10709381103516,0.08577397199718928
1937,W-/Z,34.16433334350586,-1.015499698552941
1938,W-/Z,42.35952377319336,0.35675047340068655
1939,W-/Z,12.254770278930664,-0.29313293900156534
1940,W-/Z,38.66048812866211,-1.4934476400590289
1941,W-/Z,20.78327751159668,1.1398757908145587
1942,W-/Z,31.384679794311523,1.084352665999658
1943,W-/Z,21.35132598876953,1.2436609762314639
1944,W-/Z,34.92324447631836,-0.11827514240359482
1945,W-/Z,8.256436347961426,-0.26570936082234026
1946,W-/Z,27.687664031982422,-0.393883895492286
1947,W-/Z,22.820388793945312,-0.24255287919392443
1948,W-/Z,18.218595504760742,0.431060183217153
1949,W-/Z,20.99818992614746,-1.2512339181359153
1950,W-/Z,41.88356399536133,1.8543515010658198
1951,W-/Z,44.62192153930664,-1.5645507996295152
1952,W-/Z,28.24888801574707,-0.17540904554904757
1953,W-/Z,24.53451156616211,0.574774093792246
1954,W-/Z,34.50922393798828,0.3151578298977985
1955,W-/Z,41.38285446166992,-0.16082811425420962
1956,W-/Z,20.179697036743164,1.125388603437834
1957,W-/Z,18.578439712524414,-0.09111983076183289
1958,W-/Z,40.037681579589844,-0.9314805622731164
1959,W-/Z,19.553497314453125,-0.868241423504474
1960,W-/Z,22.694910049438477,1.562265922921569
1961,W-/Z,23.389909744262695,0.5615390060816745
1962,W-/Z,21.396047592163086,1.5335246058424552
1963,W-/Z,35.296722412109375,-1.143320901423669
1964,W-/Z,56.992523193359375,0.07300696249788763
1965,W-/Z,89.58349609375,0.47422531090365616
1966,W-/Z,12.18323802947998,0.017616862492158547
1967,W-/Z,47.70248794555664,-0.1673066082996103
1968,W-/Z,8.029990196228027,-1.551900565957712
1969,W-/Z,122.05461120605469,-0.2946481144658468
1970,W-/Z,21.921527862548828,0.28679241723699855
1971,W-/Z,42.43351745605469,-0.4866466770762048
1972,W-/Z,24.909679412841797,0.847813236727865
1973,W-/Z,38.3331413269043,-2.432210560695084
1974,W-/Z,35.13920211791992,0.4983165083131298
1975,W-/Z,32.21355438232422,-0.28100935857490794
1976,W-/Z,41.518577575683594,1.0055912242525493
1977,W-/Z,30.43970489501953,0.5927641328682383
1978,W-/Z,34.334571838378906,-2.205273280355193
1979,W-/Z,59.2944221496582,0.8434907417877845
1980,W-/Z,15.864377975463867,-1.1841050923406948
1981,W-/Z,29.924169540405273,1.3380227400557427
1982,W-/Z,58.906471252441406,-0.1771415975419256
1983,W-/Z,22.132326126098633,-0.29733809315104
1984,W-/Z,32.112579345703125,-2.7734185595641527
1985,W-/Z,18.37776756286621,-0.6323809717563538
1986,W-/Z,14.270576477050781,-1.4441430974258078
1987,W-/Z,67.48033905029297,2.4744609999743434
1988,W-/Z,31.13036346435547,1.5593699947876658
1989,W-/Z,65.42161560058594,-0.7336615663778441
1990,W-/Z,28.670082092285156,-0.5854735283230409
1991,W-/Z,25.61884880065918,2.8360133164524175
1992,W-/Z,14.638005256652832,-1.370668908063542
1993,W-/Z,28.14515495300293,-1.7448473987857231
1994,W-/Z,33.3474006652832,0.7932663274891067
1995,W-/Z,49.35725021362305,-0.6357972859096062
1996,W-/Z,31.14904022216797,0.39871772696092933
1997,W-/Z,30.56123924255371,1.6111971639029419
1998,W-/Z,73.90563201904297,-1.4856844664193103
1999,W-/Z,17.57929039001465,-0.8807416056438517
2000,W-/Z,40.72659683227539,-1.7957563859824295
2001,W-/Z,17.887136459350586,-0.5539952300137638
2002,W-/Z,73.85531616210938,-0.38222215853240515
2003,W-/Z,51.48908996582031,-0.8803327659038718
2004,W-/Z,18.608938217163086,0.439877948118519
2005,W-/Z,10.77299976348877,1.75886118354514
2006,W-/Z,21.03302574157715,-1.1351401781770565
2007,W-/Z,82.2280044555664,2.2960019114133114
2008,W-/Z,44.50424575805664,-1.3421271675636166
2009,W-/Z,31.639596939086914,-0.775001077262573
2010,W-/Z,42.65262222290039,-0.11136667782304893
2011,W-/Z,33.732513427734375,0.07999314036172384
2012,W-/Z,23.43363380432129,1.141481216216654
2013,W-/Z,11.581406593322754,-1.8652688291204216
2014,W-/Z,85.79707336425781,-1.9664598653843848
2015,W-/Z,16.639524459838867,1.004774832547139
2016,W-/Z,12.998517036437988,0.20221581046695514
2017,W-/Z,29.808029174804688,-0.5241867929265791
2018,W-/Z,68.61811828613281,0.9233746811163104
2019,W-/Z,23.459474563598633,-1.2704997825067412
2020,W-/Z,103.11942291259766,-1.9497256737643207
2021,W-/Z,27.81349754333496,-0.6233176101911364
2022,W-/Z,20.52457618713379,0.7565312571078954
2023,W-/Z,37.725746154785156,0.40792129765922297
2024,W-/Z,22.91260528564453,-0.08841549727299836
2025,W-/Z,25.627153396606445,-1.5346113831486698
2026,W-/Z,17.8321475982666,0.8845312835511071
2027,W-/Z,51.364437103271484,-0.26083118579110426
2028,W-/Z,31.058992385864258,-0.7754975498937247
2029,W-/Z,36.561458587646484,-0.8042880911577468
2030,W-/Z,13.571438789367676,0.06741546358778916
2031,W-/Z,33.74185562133789,0.7600919918091703
2032,W-/Z,16.59366226196289,0.13617359254412287
2033,W-/Z,17.7305850982666,-0.7552415506875997
2034,W-/Z,31.767822265625,-3.8741204272889083
2035,W-/Z,38.615291595458984,1.4356962303834109
2036,W-/Z,44.669925689697266,0.986413585503983
2037,W-/Z,23.3947811126709,-0.10800111489385367
2038,W-/Z,35.84831237792969,-0.29688140856133105
2039,W-/Z,15.210943222045898,0.04641904093302829
2040,W-/Z,16.688817977905273,-2.399625506529323
2041,W-/Z,48.21245193481445,0.5541151545022731
2042,W-/Z,42.75303649902344,0.5198581295354684
2043,W-/Z,35.114810943603516,-0.55696695865629
2044,W-/Z,30.230937957763672,0.39940474339313703
2045,W-/Z,20.329662322998047,-0.4443102648425703
2046,W-/Z,22.49159812927246,1.7563939228881589
2047,W-/Z,20.690876007080078,-0.3508293988747233
2048,W-/Z,26.822412490844727,0.6448626437089098
2049,W-/Z,40.89582061767578,-1.3162582288597895
2050,W-/Z,11.982965469360352,0.5972619515446427
2051,W-/Z,76.20825958251953,-0.1375185979139757
2052,W-/Z,10.933820724487305,0.8354513329180965
2053,W-/Z,28.757678985595703,0.12524624541334306
2054,W-/Z,23.759353637695312,-1.47152713550727
2055,W-/Z,41.86469268798828,-0.7858425337019359
2056,W-/Z,20.552370071411133,0.38636616804909196
2057,W-/Z,21.033039093017578,1.335087833394144
2058,W-/Z,24.859106063842773,0.8805307429618212
2059,W-/Z,45.029541015625,-0.48268301977016254
2060,W-/Z,26.668411254882812,-0.466012276776008
2061,W-/Z,21.77100372314453,-1.0699501853334015
2062,W-/Z,29.651161193847656,1.612136958192764
2063,W-/Z,19.132644653320312,-1.115176197424658
2064,W-/Z,43.07826614379883,0.5915564661593279
2065,W-/Z,32.36135482788086,-0.5483049315840169
2066,W-/Z,39.03467559814453,-2.704566095086183
2067,W-/Z,11.989668846130371,2.239746514607737
2068,W-/Z,43.29191589355469,0.5191040140668763
2069,W-/Z,23.06841468811035,-0.5600693887029435
2070,W-/Z,16.967323303222656,1.0370972393207971
2071,W-/Z,17.611276626586914,0.47054550845882204
2072,W-/Z,19.938777923583984,-0.2664541940911206
2073,W-/Z,30.397403717041016,3.311761097221819
2074,W-/Z,21.75595474243164,-0.8530855198401277
2075,W-/Z,18.86690902709961,0.669151547109911
2076,W-/Z,45.194637298583984,-0.44257814314903077
2077,W-/Z,33.32504653930664,0.6254894754294993
2078,W-/Z,56.981292724609375,-2.581606330501616
2079,W-/Z,33.127540588378906,0.17451072370219223
2080,W-/Z,22.034482955932617,-0.8034617822441221
2081,W-/Z,23.800310134887695,0.663649494383997
2082,W-/Z,47.94976806640625,-0.12037069971973186
2083,W-/Z,31.035667419433594,-1.336878226193467
2084,W-/Z,21.177749633789062,-0.7672705217252314
2085,W-/Z,18.048484802246094,-0.21864178710046456
2086,W-/Z,54.220069885253906,0.8968406316519286
2087,W-/Z,11.83033561706543,0.4831536382014633
2088,W-/Z,28.328413009643555,-1.1029509440183431
2089,W-/Z,22.635421752929688,-1.399943586529293
2090,W-/Z,36.425777435302734,-0.2522402207410849
2091,W-/Z,49.62063980102539,1.8875612299628575
2092,W-/Z,32.6900520324707,0.3277418366410001
2093,W-/Z,40.03199768066406,0.8549386396989387
2094,W-/Z,23.567514419555664,-2.6182500611246904
2095,W-/Z,38.92097854614258,-0.9913938355116416
2096,W-/Z,31.658496856689453,0.6765948485661584
2097,W-/Z,14.543166160583496,-1.6361089784864913
2098,W-/Z,31.556856155395508,0.4937533830385533
2099,W-/Z,23.992069244384766,0.5610291400236675
2100,W-/Z,81.00772857666016,-1.5022563654778
2101,W-/Z,20.5189266204834,0.994853221369296
2102,W-/Z,36.367923736572266,-2.5931850254301105
